3.833,30,114,41
B0,mixamorig_Hips,-1,0.9368971586227417,0.1848650723695755,-0.29667213559150696,0,-0.24328626692295074,0.9542537927627563,-0.1734694093465805,0,0.2510155737400055,0.23470439016819,0.939017117023468,0,-3.2833285331726074,55.92539978027344,0.9128138422966003,1
B1,mixamorig_Spine,0,0.9714909195899963,0.22462224960327148,-0.07573793828487396,0,-0.21379965543746948,0.9681774377822876,0.1295735090970993,0,0.10243158787488937,-0.10968681424856186,0.9885995984077454,0,0,9.583415985107422,0.32315799593925476,1
B2,mixamorig_Spine1,1,0.9989429712295532,-0.03264762461185455,-0.03232165426015854,0,0.034383028745651245,0.9979127645492554,0.054617542773485184,0,0.030468974262475967,-0.055671609938144684,0.9979821443557739,0,0,11.187003135681152,0,1
B3,mixamorig_Spine2,2,0.9990305304527283,-0.03196605667471886,-0.030238769948482513,0,0.03363505005836487,0.9978436231613159,0.056329067796468735,0,0.028371410444378853,-0.05729253962635994,0.9979519844055176,0,0,12.785147666931152,0,1
B4,mixamorig_Neck,3,0.9983617067337036,0.03963266685605049,0.041086457669734955,0,-0.046195484697818756,0.9837396144866943,0.17349675297737122,0,-0.03355305269360542,-0.17510880529880524,0.983972430229187,0,0,14.383284568786621,0,1
B5,mixamorig_Head,4,0.9853032231330872,-0.1520349234342575,0.07724196463823318,0,0.15607278048992157,0.9864226579666138,-0.05031156912446022,0,-0.06852378696203232,0.061596356332302094,0.9956675171852112,0,0,11.315444946289062,2.884643077850342,1
B6,mixamorig_HeadTop_End,5,1,0,0,0,0,1,0,0,0,0,1,0,0,52.526214599609375,13.390490531921387,1
B7,mixamorig_LeftShoulder,3,0.06547477096319199,0.013762333430349827,-0.9976802468299866,0,0.9550566077232361,-0.28973188996315,0.0587594136595726,0,-0.2882559895515442,-0.9568387866020203,-0.03190084174275398,0,9.220659255981445,11.879112243652344,0.07459300011396408,1
B8,mixamorig_LeftArm,7,0.9221760034561157,0.20263151824474335,-0.3261960744857788,0,0.02190367877483368,0.8214164972305298,0.5692732930183411,0,0.3830593526363373,-0.5328717231750488,0.7529617547988892,0,0,19.382638931274414,0,1
B9,mixamorig_LeftForeArm,8,-0.7460653185844421,0.662988543510437,-0.05239075794816017,0,-0.6628209352493286,-0.7476963996887207,-0.023029925301671028,0,-0.05447891354560852,0.017543574795126915,0.9983603358268738,0,0,25.99243927001953,0,1
B10,mixamorig_LeftHand,9,0.5953329801559448,-0.49822211265563965,-0.630333662033081,0,0.6389771699905396,0.7691856622695923,-0.004481168929487467,0,0.48707661032676697,-0.40011066198349,0.7763103246688843,0,0,21.082355499267578,0,1
B11,mixamorig_LeftHandThumb1,10,0.7874749898910522,0.3771737813949585,-0.4874660074710846,0,-0.07315577566623688,0.842503011226654,0.53370201587677,0,0.6119890213012695,-0.3846159875392914,0.6910427808761597,0,-4.542919158935547,6.352151870727539,0,1
B12,mixamorig_LeftHandThumb2,11,0.49467378854751587,-0.8649340271949768,-0.08477800339460373,0,0.7261459827423096,0.35774898529052734,0.5871350169181824,0,-0.4775039851665497,-0.35200178623199463,0.8050370216369629,0,0.023468000814318657,6.247544765472412,0,1
B13,mixamorig_LeftHandThumb3,12,0.9520230293273926,-0.2779189944267273,0.12811200320720673,0,0.23923200368881226,0.9369410276412964,0.2547749876976013,0,-0.1908400058746338,-0.21190300583839417,0.9584760069847107,0,-0.49257999658584595,6.928124904632568,0,1
B14,mixamorig_LeftHandThumb4,13,1,0,0,0,0,1,0,0,0,0,1,0,0.46911200881004333,4.42478084564209,0,1
B15,mixamorig_LeftHandIndex1,10,0.9912059903144836,0.08556000143289566,0.10094299912452698,0,-0.08765300363302231,-0.14694100618362427,0.9852539896965027,0,0.0991307720541954,-0.9854379892349243,-0.13814899325370789,0,0,13.629870414733887,0.10376700013875961,1
B16,mixamorig_LeftHandIndex2,15,0.9931489825248718,0.08559799939393997,0.07954400032758713,0,-0.0656527727842331,-0.15436899662017822,0.9858300089836121,0,0.09666399657726288,-0.9842979907989502,-0.1476919949054718,0,0.0265670008957386,8.824207305908203,0,1
B17,mixamorig_LeftHandIndex3,16,0.9932370185852051,0.10411500185728073,0.05137699842453003,0,-0.10676977783441544,0.645281970500946,0.7564460039138794,0,0.045605000108480453,-0.756816029548645,0.6520349979400635,0,-0.12827999889850616,5.965642929077148,0,1
B18,mixamorig_LeftHandIndex4,17,1,0,0,0,0,1,0,0,0,0,1,0,0.10171200335025787,3.719054937362671,0,1
B19,mixamorig_RightShoulder,3,-0.04747079685330391,-0.0003634544264059514,0.9987707138061523,0,-0.9635916352272034,-0.26233407855033875,-0.04580584913492203,0,0.2620048224925995,-0.9647752046585083,0.01237004529684782,0,-9.220659255981445,11.879775047302246,0.09426800161600113,1
B20,mixamorig_RightArm,19,0.49199140071868896,-0.8384360671043396,0.22885890305042267,0,0.6613671183586121,0.5321350693702698,0.5264691114425659,0,-0.5647644400596619,-0.1089225560426712,0.8176252245903015,0,0,19.382638931274414,0,1
B21,mixamorig_RightForeArm,20,-0.37945443391799927,-0.9223098754882812,0.040605030953884125,0,0.9220755100250244,-0.38079217076301575,-0.0325746051967144,0,0.0456371083855629,0.025079801678657532,0.9986421465873718,0,0,25.99243927001953,0,1
B22,mixamorig_RightHand,21,0.7055181264877319,0.29424721002578735,0.6442946195602417,0,-0.2795422673225403,0.9514021277427673,-0.12849944829940796,0,-0.6510025858879089,-0.08923717588186264,0.7535514235496521,0,0,21.079713821411133,0,1
B23,mixamorig_RightHandThumb1,22,0.5818042159080505,-0.6070899963378906,0.5412449836730957,0,0.13520599901676178,0.7284020185470581,0.6716769933700562,0,-0.802012026309967,-0.31760498881340027,0.5058692097663879,0,4.885471820831299,6.2330780029296875,0,1
B24,mixamorig_RightHandThumb2,23,0.6615470051765442,0.3910540044307709,0.639868974685669,0,-0.7274219989776611,0.5420010089874268,0.42082300782203674,0,-0.18224500119686127,-0.743848979473114,0.6430202126502991,0,0.11152900010347366,6.334640979766846,0,1
B25,mixamorig_RightHandThumb3,24,0.9465870261192322,0.21597877144813538,0.23942877352237701,0,-0.28557878732681274,0.9063230156898499,0.31148621439933777,0,-0.14972500503063202,-0.3632250130176544,0.9195922613143921,0,0.1050570011138916,6.742958068847656,0,1
B26,mixamorig_RightHandThumb4,25,1,0,0,0,0,1,0,0,0,0,1,0,-0.21658700704574585,4.398326873779297,0,1
B27,mixamorig_RightHandIndex1,22,0.9958770275115967,-0.05995599925518036,-0.06807799637317657,0,0.052654001861810684,-0.2290620058774948,0.9719870090484619,0,-0.07387100160121918,-0.971563994884491,-0.22495999932289124,0,0,14.070053100585938,0.059053000062704086,1
B28,mixamorig_RightHandIndex2,27,0.9954789876937866,-0.06048477441072464,-0.07323899865150452,0,0.05790499970316887,-0.22477222979068756,0.9726889729499817,0,-0.07529500126838684,-0.9725319743156433,-0.22025322914123535,0,-0.0034940000623464584,8.26400375366211,0,1
B29,mixamorig_RightHandIndex3,28,0.9982349872589111,-0.053279999643564224,-0.026220999658107758,0,0.05372399836778641,0.6221969723701477,0.7810149788856506,0,-0.025297999382019043,-0.7810457348823547,0.6239612102508545,0,0.015495000407099724,6.10585880279541,0,1
B30,mixamorig_RightHandIndex4,29,1,0,0,0,0,1,0,0,0,0,1,0,-0.012001000344753265,3.2525739669799805,0,1
B31,mixamorig_LeftUpLeg,0,-0.9154701232910156,-0.2713926136493683,0.2970580458641052,0,0.36802250146865845,-0.8630083203315735,0.3457866609096527,0,0.16256901621818542,0.42590638995170593,0.8899329900741577,0,7.271745204925537,-5.322803020477295,-2.1651880741119385,1
B32,mixamorig_LeftLeg,31,0.947679877281189,0.10535840690135956,0.3013298213481903,0,0.17346949875354767,0.6224366426467896,-0.7632020711898804,0,-0.2679678499698639,0.7755423784255981,0.5715947151184082,0,0,30.27204132080078,0,1
B33,mixamorig_LeftFoot,32,0.7001461982727051,-0.2395324558019638,-0.6725001335144043,0,0.4581141769886017,0.8732768893241882,0.16586382687091827,0,0.547563374042511,-0.42419371008872986,0.7211588025093079,0,0,18.94415283203125,0,1
B34,mixamorig_LeftToeBase,33,0.8746353983879089,0.2532995641231537,-0.41333985328674316,0,0.35908621549606323,0.23430708050727844,0.9034111499786377,0,0.3256833255290985,-0.9385796785354614,0.11397712677717209,0,0,13.023898124694824,0,1
B35,mixamorig_LeftToe_End,34,1,0,0,0,0,1,0,0,0,0,1,0,0,5.268302917480469,0,1
B36,mixamorig_RightUpLeg,0,-0.844396710395813,0.4963589906692505,-0.2013978660106659,0,-0.47954094409942627,-0.8677822351455688,-0.12799769639968872,0,-0.2384653389453888,-0.011404525488615036,0.9707996845245361,0,-7.271745204925537,-5.322803020477295,6.0429301261901855,1
B37,mixamorig_RightLeg,36,0.9724487662315369,0.23214825987815857,0.020707763731479645,0,-0.10986132174730301,0.5345843434333801,-0.8377496600151062,0,-0.20552995800971985,0.8123973608016968,0.545366644859314,0,0,28.972278594970703,0,1
B38,mixamorig_RightFoot,37,0.9704892039299011,-0.12572389841079712,0.20577599108219147,0,-0.19054298102855682,0.12314007431268692,0.9738990664482117,0,-0.1477874517440796,-0.9843677282333374,0.09554882347583771,0,0,18.8565616607666,0,1
B39,mixamorig_RightToeBase,38,0.9257339835166931,-7.728845048404764e-7,0.3781749904155731,0,-0.3088169991970062,0.577205240726471,0.7559537887573242,0,-0.2182849943637848,-0.8165990114212036,0.5343382358551025,0,0,12.844009399414062,0,1
B40,mixamorig_RightToe_End,39,1,0,0,0,0,1,0,0,0,0,1,0,0,5.283959865570068,0,1
@34,0,1,2,3,4,5,7,8,9,10,11,12,13,15,16,17,19,20,21,22,23,24,25,27,28,29,31,32,33,34,36,37,38,39
K0.000,0.9958530068397522,-0.05131499841809273,0.0751269981265068,0,0.059843000024557114,0.9914379715919495,-0.11605799943208694,0,-0.06852900236845016,0.12007299810647964,0.9903969764709473,0,0.9699180126190186,53.18040466308594,-1.7260229587554932,1,0.9936400055885315,0.08240199834108353,-0.07674600183963776,0,-0.046107999980449677,0.9195250272750854,0.39031699299812317,0,0.10273300111293793,-0.3842960000038147,0.9174759984016418,0,0,9.583415985107422,0.32315799593925476,1,0.9995909929275513,0.003622000105679035,-0.028385000303387642,0,-0.00010199999815085903,0.992402970790863,0.12303200364112854,0,0.02861499972641468,-0.12297800183296204,0.9919970035552979,0,0,11.187003135681152,0,1,0.9995999932289124,0.0036849998869001865,-0.028049999848008156,0,-0.00020399999630171806,0.992393970489502,0.12309899926185608,0,0.028289999812841415,-0.12304399907588959,0.991998016834259,0,0,12.785147666931152,0,1,0.9973940253257751,0.059755001217126846,0.040438998490571976,0,-0.060398001223802567,0.9980630278587341,0.014883000403642654,0,-0.03947199881076813,-0.01728699915111065,0.9990710020065308,0,0,14.383284568786621,0,1,0.9864270091056824,0.0783350020647049,0.14430999755859375,0,-0.006283999886363745,0.8962309956550598,-0.4435420036315918,0,-0.16407999396324158,0.436614990234375,0.8845589756965637,0,0,11.315444946289062,2.884643077850342,1,0.006264000199735165,0.004850999917834997,-0.9999690055847168,0,0.9425439834594727,-0.33405500650405884,0.004282999783754349,0,-0.33402401208877563,-0.9425410032272339,-0.0066639999859035015,0,9.220659255981445,11.879112243652344,0.07459300011396408,1,0.9725390076637268,0.22044500708580017,-0.07464800029993057,0,-0.14009499549865723,0.8105990290641785,0.5685979723930359,0,0.1858540028333664,-0.5425260066986084,0.8192219734191895,0,0,19.382638931274414,0,1,-0.6820799708366394,0.7295550107955933,-0.0501680001616478,0,-0.7293699979782104,-0.683650016784668,-0.025342000648379326,0,-0.052786000072956085,0.019305000081658363,0.9984189867973328,0,0,25.99243927001953,0,1,0.7009639739990234,-0.27749601006507874,-0.65699702501297,0,0.41224101185798645,0.9093679785728455,0.055737998336553574,0,0.5819849967956543,-0.3099119961261749,0.751829981803894,0,0,21.082355499267578,0,1,0.7874749898910522,0.3771730065345764,-0.4874660074710846,0,-0.0731550008058548,0.842503011226654,0.53370201587677,0,0.6119890213012695,-0.3846159875392914,0.6910420060157776,0,-4.542919158935547,6.352151870727539,0,1,0.4946739971637726,-0.8649340271949768,-0.08477800339460373,0,0.7261459827423096,0.35774898529052734,0.5871350169181824,0,-0.4775039851665497,-0.35200199484825134,0.8050370216369629,0,0.023468000814318657,6.247544765472412,0,1,0.9520230293273926,-0.2779189944267273,0.12811200320720673,0,0.23923200368881226,0.9369410276412964,0.2547749876976013,0,-0.1908400058746338,-0.21190300583839417,0.9584760069847107,0,-0.49257999658584595,6.928124904632568,0,1,0.9912059903144836,0.08556000143289566,0.10094299912452698,0,-0.08765300363302231,-0.14694100618362427,0.9852539896965027,0,0.09913100302219391,-0.9854379892349243,-0.13814899325370789,0,0,13.629870414733887,0.10376700013875961,1,0.9931489825248718,0.08559799939393997,0.07954400032758713,0,-0.065652996301651,-0.15436899662017822,0.9858300089836121,0,0.09666399657726288,-0.9842979907989502,-0.1476919949054718,0,0.0265670008957386,8.824207305908203,0,1,0.9932370185852051,0.10411500185728073,0.05137699842453003,0,-0.10677000135183334,0.6452829837799072,0.7564460039138794,0,0.045604001730680466,-0.756816029548645,0.6520349979400635,0,-0.12827999889850616,5.965642929077148,0,1,-0.039177000522613525,-0.0007329999934881926,0.9992319941520691,0,-0.9588760137557983,-0.2812980115413666,-0.037801001220941544,0,0.2811099886894226,-0.9596199989318848,0.010317999869585037,0,-9.220659255981445,11.879775047302246,0.09426800161600113,1,0.444938987493515,-0.8926929831504822,0.07162100076675415,0,0.7535139918327332,0.41638699173927307,0.508762001991272,0,-0.48399001359939575,-0.17240099608898163,0.8579229712486267,0,0,19.382638931274414,0,1,-0.334973007440567,-0.9414190053939819,0.039034001529216766,0,0.9411799907684326,-0.33626699447631836,-0.033250000327825546,0,0.04442799836397171,0.025599999353289604,0.9986850023269653,0,0,25.99243927001953,0,1,0.6283270120620728,0.2884100079536438,0.7225130200386047,0,-0.10125300288200378,0.9511579871177673,-0.2916260063648224,0,-0.7713320255279541,0.11007899791002274,0.6268410086631775,0,0,21.079713821411133,0,1,0.5818049907684326,-0.6070899963378906,0.5412449836730957,0,0.13520599901676178,0.7284020185470581,0.6716769933700562,0,-0.802012026309967,-0.31760498881340027,0.50586998462677,0,4.885471820831299,6.2330780029296875,0,1,0.6615470051765442,0.3910540044307709,0.6398680210113525,0,-0.7274209856987,0.5420020222663879,0.42082300782203674,0,-0.18224500119686127,-0.743848979473114,0.6430209875106812,0,0.11152900010347366,6.334640979766846,0,1,0.9465870261192322,0.2159779965877533,0.23942899703979492,0,-0.28557801246643066,0.9063230156898499,0.31148600578308105,0,-0.14972500503063202,-0.3632250130176544,0.919592022895813,0,0.1050570011138916,6.742958068847656,0,1,0.9958770275115967,-0.05995599925518036,-0.06807799637317657,0,0.052654001861810684,-0.22906099259853363,0.9719870090484619,0,-0.07387100160121918,-0.971563994884491,-0.22495999932289124,0,0,14.070053100585938,0.059053000062704086,1,0.9954789876937866,-0.060485001653432846,-0.07323899865150452,0,0.05790499970316887,-0.22477300465106964,0.9726889729499817,0,-0.07529500126838684,-0.9725319743156433,-0.22025400400161743,0,-0.0034940000623464584,8.26400375366211,0,1,0.9982349872589111,-0.053279999643564224,-0.026220999658107758,0,0.05372399836778641,0.6221969723701477,0.7810149788856506,0,-0.025297999382019043,-0.7810459733009338,0.6239609718322754,0,0.015495000407099724,6.10585880279541,0,1,-0.8064619898796082,-0.46376100182533264,0.36680299043655396,0,0.5828459858894348,-0.7279369831085205,0.3611069917678833,0,0.09954199939966202,0.5050089955329895,0.857354998588562,0,7.271745204925537,-5.322803020477295,-2.1651880741119385,1,0.9696109890937805,0.228970006108284,0.08618400245904922,0,0.0054339999333024025,0.33202600479125977,-0.9432550072669983,0,-0.24459199607372284,0.9150580167770386,0.3206920027732849,0,0,30.27204132080078,0,1,0.6017739772796631,-0.04125799983739853,-0.7975999712944031,0,0.7752749919891357,0.27010199427604675,0.5709589719772339,0,0.19187699258327484,-0.9619470238685608,0.19452600181102753,0,0,18.94415283203125,0,1,0.9116399884223938,0.032496001571416855,-0.40970200300216675,0,0.32687801122665405,0.5469290018081665,0.7707269787788391,0,0.2491230070590973,-0.8365479707717896,0.4879800081253052,0,0,13.023898124694824,0,1,-0.9726510047912598,0.22134000062942505,-0.0704139992594719,0,-0.23218800127506256,-0.9346500039100647,0.26929301023483276,0,-0.006206999998539686,0.2782779932022095,0.9604809880256653,0,-7.271745204925537,-5.322803020477295,6.0429301261901855,1,0.9592270255088806,0.2769230008125305,0.05654200166463852,0,-0.04262299835681915,0.33949699997901917,-0.939640998840332,0,-0.27940401434898376,0.8989189863204956,0.3374580144882202,0,0,28.972278594970703,0,1,0.9657480120658875,-0.15569299459457397,0.2075819969177246,0,-0.18934200704097748,0.12417799979448318,0.9740269780158997,0,-0.17742599546909332,-0.9799690246582031,0.09044499695301056,0,0,18.8565616607666,0,1,0.9257339835166931,0,0.3781749904155731,0,-0.3088169991970062,0.5772039890289307,0.7559549808502197,0,-0.2182849943637848,-0.8166000247001648,0.5343369841575623,0,0,12.844009399414062,0,1
K0.033,0.9936959743499756,-0.059609074145555496,0.09495019167661667,0,0.06924707442522049,0.9924049973487854,-0.101675845682621,0,-0.0881681963801384,0.10760986804962158,0.9902759790420532,0,1.6367627382278442,53.167625427246094,-1.7331163883209229,1,0.9942830204963684,0.08048295974731445,-0.07016494870185852,0,-0.05052501708269119,0.9335521459579468,0.35486161708831787,0,0.0940629169344902,-0.34928861260414124,0.9322820901870728,0,0,9.583415985107422,0.32315799593925476,1,0.9995840191841125,-0.007841093465685844,-0.027772992849349976,0,0.011162090115249157,0.9925249814987183,0.12152796983718872,0,0.02661198191344738,-0.12178797274827957,0.9921990036964417,0,0,11.187003135681152,0,1,0.9996129870414734,-0.007634091656655073,-0.02674698643386364,0,0.01083808857947588,0.9924989938735962,0.12177397310733795,0,0.025616977363824844,-0.12201697379350662,0.9921969771385193,0,0,12.785147666931152,0,1,0.9970160126686096,0.06604405492544174,0.039966993033885956,0,-0.06643804907798767,0.9977530241012573,0.008614979684352875,0,-0.03930799663066864,-0.011244981549680233,0.9991639852523804,0,0,14.383284568786621,0,1,0.9860529899597168,0.09212514013051987,0.13861194252967834,0,-0.025986207649111748,0.9078401327133179,-0.41851067543029785,0,-0.16439299285411835,0.409071683883667,0.8975721001625061,0,0,11.315444946289062,2.884643077850342,1,0.026796218007802963,0.005757021717727184,-0.9996240139007568,0,0.954318106174469,-0.29783862829208374,0.023867208510637283,0,-0.29758962988853455,-0.954599142074585,-0.013475069776177406,0,9.220659255981445,11.879112243652344,0.07459300011396408,1,0.9696347117424011,0.23194922506809235,0.07751341909170151,0,-0.23689094185829163,0.8120650053024292,0.5333224534988403,0,0.060757823288440704,-0.535490870475769,0.8423530459403992,0,0,19.382638931274414,0,1,-0.6321632862091064,0.7733205556869507,-0.04843297600746155,0,-0.7731245160102844,-0.633685290813446,-0.026863018050789833,0,-0.0514649823307991,0.020463012158870697,0.9984650015830994,0,0,25.99243927001953,0,1,0.6823168396949768,-0.24856965243816376,-0.6875002980232239,0,0.42099905014038086,0.9024299383163452,0.09154535084962845,0,0.5976651906967163,-0.3519003987312317,0.7203906178474426,0,0,21.082355499267578,0,1,0.7874749898910522,0.3771739900112152,-0.4874660074710846,0,-0.0731550008058548,0.8425019979476929,0.53370201587677,0,0.6119899749755859,-0.3846159875392914,0.6910420060157776,0,-4.542919158935547,6.352151870727539,0,1,0.4946739971637726,-0.8649340271949768,-0.08477800339460373,0,0.7261459827423096,0.35774898529052734,0.5871350169181824,0,-0.4775039851665497,-0.35200199484825134,0.8050370216369629,0,0.023468000814318657,6.247544765472412,0,1,0.9520230293273926,-0.2779189944267273,0.12811200320720673,0,0.23923200368881226,0.9369410276412964,0.2547749876976013,0,-0.1908400058746338,-0.21190300583839417,0.9584760069847107,0,-0.49257999658584595,6.928124904632568,0,1,0.9912059903144836,0.08556000143289566,0.10094299912452698,0,-0.08765300363302231,-0.14694100618362427,0.9852539896965027,0,0.09913100302219391,-0.9854379892349243,-0.13814899325370789,0,0,13.629870414733887,0.10376700013875961,1,0.9931489825248718,0.08559799939393997,0.07954400032758713,0,-0.065652996301651,-0.15436899662017822,0.9858300089836121,0,0.09666399657726288,-0.9842979907989502,-0.1476919949054718,0,0.0265670008957386,8.824207305908203,0,1,0.9932370185852051,0.10411500185728073,0.051378000527620316,0,-0.10677000135183334,0.645281970500946,0.7564460039138794,0,0.045604001730680466,-0.756816029548645,0.6520349979400635,0,-0.12827999889850616,5.965642929077148,0,1,-0.02409682236611843,-0.0010070083662867546,0.9997090101242065,0,-0.965596079826355,-0.2589777708053589,-0.0235358327627182,0,0.25892674922943115,-0.9658830761909485,0.005267944652587175,0,-9.220659255981445,11.879775047302246,0.09426800161600113,1,0.400286465883255,-0.9158121347427368,-0.03253403306007385,0,0.8100415468215942,0.3370102047920227,0.4798505902290344,0,-0.42848944664001465,-0.2184315025806427,0.8767461180686951,0,0,19.382638931274414,0,1,-0.2232746183872223,-0.9741232395172119,0.035087950527668,0,0.9738762378692627,-0.22445762157440186,-0.03440500795841217,0,0.04139096289873123,0.026489006355404854,0.9987919926643372,0,0,25.99243927001953,0,1,0.6385271549224854,0.2650367021560669,0.722521960735321,0,-0.04611538350582123,0.9503189325332642,-0.3078431785106659,0,-0.7682169079780579,0.16324660181999207,0.6190269589424133,0,0,21.079713821411133,0,1,0.5818049907684326,-0.6070889830589294,0.5412449836730957,0,0.13520599901676178,0.7284020185470581,0.6716769933700562,0,-0.802012026309967,-0.31760498881340027,0.50586998462677,0,4.885471820831299,6.2330780029296875,0,1,0.6615470051765442,0.3910540044307709,0.639868974685669,0,-0.7274219989776611,0.5420010089874268,0.42082300782203674,0,-0.18224500119686127,-0.743848979473114,0.6430209875106812,0,0.11152900010347366,6.334640979766846,0,1,0.9465870261192322,0.2159779965877533,0.23942899703979492,0,-0.28557801246643066,0.9063230156898499,0.31148600578308105,0,-0.14972500503063202,-0.36322399973869324,0.919592022895813,0,0.1050570011138916,6.742958068847656,0,1,0.9958770275115967,-0.05995599925518036,-0.06807799637317657,0,0.052654001861810684,-0.2290620058774948,0.9719870090484619,0,-0.07387100160121918,-0.971563994884491,-0.22496099770069122,0,0,14.070053100585938,0.059053000062704086,1,0.9954789876937866,-0.060485001653432846,-0.07323899865150452,0,0.05790499970316887,-0.22477200627326965,0.9726889729499817,0,-0.07529500126838684,-0.9725319743156433,-0.22025400400161743,0,-0.0034940000623464584,8.26400375366211,0,1,0.9982349872589111,-0.053279999643564224,-0.026220999658107758,0,0.05372399836778641,0.6221969723701477,0.7810149788856506,0,-0.025297999382019043,-0.7810459733009338,0.6239609718322754,0,0.015495000407099724,6.10585880279541,0,1,-0.8094560503959656,-0.46000993251800537,0.3649269640445709,0,0.5795059204101562,-0.7260100245475769,0.3702460527420044,0,0.09462398290634155,0.5111759901046753,0.8542519807815552,0,7.271745204925537,-5.322803020477295,-2.1651880741119385,1,0.968966007232666,0.23241503536701202,0.08419404923915863,0,0.008955073542892933,0.3073718845844269,-0.9515470862388611,0,-0.2470320463180542,0.9227710366249084,0.2957518398761749,0,0,30.27204132080078,0,1,0.6262802481651306,-0.03728998079895973,-0.778704822063446,0,0.7606288194656372,0.2482268512248993,0.5998552441596985,0,0.17092683911323547,-0.9679840803146362,0.18382394313812256,0,0,18.94415283203125,0,1,0.9129289984703064,0.022723926231265068,-0.4074859619140625,0,0.326106995344162,0.5597161054611206,0.761820912361145,0,0.2453889697790146,-0.8283729553222656,0.5035701394081116,0,0,13.023898124694824,0,1,-0.9700469374656677,0.22754506766796112,-0.0850391685962677,0,-0.24257011711597443,-0.9260689616203308,0.28906014561653137,0,-0.012978093698620796,0.3010301887989044,0.953525960445404,0,-7.271745204925537,-5.322803020477295,6.0429301261901855,1,0.9528159499168396,0.297646164894104,0.05957004427909851,0,-0.04867808520793915,0.34353017807006836,-0.9378789663314819,0,-0.2996201813220978,0.89072585105896,0.3418101668357849,0,0,28.972278594970703,0,1,0.9638360142707825,-0.1594730168581009,0.21351711452007294,0,-0.1917690634727478,0.14131426811218262,0.9712129235267639,0,-0.18505509197711945,-0.9770359396934509,0.10562223196029663,0,0,18.8565616607666,0,1,0.9257339835166931,-0.0000019999799860670464,0.3781760036945343,0,-0.3088169991970062,0.5772029757499695,0.7559559941291809,0,-0.21828599274158478,-0.8166009783744812,0.5343350172042847,0,0,12.844009399414062,0,1
K0.067,0.9911969900131226,-0.06703492254018784,0.11416980624198914,0,0.07706192880868912,0.9933270215988159,-0.08580515533685684,0,-0.10765580832958221,0.09384813159704208,0.989749014377594,0,2.3166682720184326,53.33891677856445,-1.6743515729904175,1,0.9949179887771606,0.07679703831672668,-0.06512105464935303,0,-0.05246298015117645,0.9473958611488342,0.3157343864440918,0,0.0859430804848671,-0.31071338057518005,0.9466098546981812,0,0,9.583415985107422,0.32315799593925476,1,0.9994869828224182,-0.017152907326817513,-0.027038007974624634,0,0.020236911252141,0.9927729964256287,0.11829202622175217,0,0.024814018979668617,-0.11877802759408951,0.9926109910011292,0,0,11.187003135681152,0,1,0.999534010887146,-0.01681290939450264,-0.02548501268029213,0,0.01972491294145584,0.9927350282669067,0.11869102716445923,0,0.02330402284860611,-0.11913803219795227,0.9926040172576904,0,0,12.785147666931152,0,1,0.9966729879379272,0.0713699460029602,0.03937200829386711,0,-0.071680948138237,0.997406005859375,0.006555020343512297,0,-0.03880200535058975,-0.009356019087135792,0.9992030262947083,0,0,14.383284568786621,0,1,0.9854120016098022,0.10592586547136307,0.13320505619049072,0,-0.04667579382658005,0.9208928942680359,-0.3870123326778412,0,-0.16366200149059296,0.37514933943748474,0.9124018549919128,0,0,11.315444946289062,2.884643077850342,1,0.048566784709692,0.007960977964103222,-0.9987879991531372,0,0.963779866695404,-0.26291435956954956,0.04476979002356529,0,-0.26223936676979065,-0.9647858738899231,-0.020440930500626564,0,9.220659255981445,11.879112243652344,0.07459300011396408,1,0.941795289516449,0.25477975606918335,0.21933558583259583,0,-0.3313560485839844,0.8136829733848572,0.4776225686073303,0,-0.05678083002567291,-0.5225011110305786,0.8507459163665771,0,0,19.382638931274414,0,1,-0.5627157092094421,0.8253684639930725,-0.0460200235247612,0,-0.82515949010849,-0.5641717314720154,-0.028670981526374817,0,-0.049627017229795456,0.021839987486600876,0.9985290169715881,0,0,25.99243927001953,0,1,0.6639281511306763,-0.21455234289169312,-0.7163566946983337,0,0.4262559413909912,0.8956710696220398,0.12680064141750336,0,0.6144148111343384,-0.38953760266304016,0.6861153841018677,0,0,21.082355499267578,0,1,0.7874749898910522,0.3771730065345764,-0.4874660074710846,0,-0.07315599918365479,0.842503011226654,0.53370201587677,0,0.6119890213012695,-0.3846159875392914,0.6910420060157776,0,-4.542919158935547,6.352151870727539,0,1,0.4946739971637726,-0.8649340271949768,-0.08477800339460373,0,0.7261459827423096,0.35774898529052734,0.5871350169181824,0,-0.4775039851665497,-0.35200199484825134,0.8050370216369629,0,0.023468000814318657,6.247544765472412,0,1,0.9520230293273926,-0.2779189944267273,0.1281130015850067,0,0.23923100531101227,0.9369410276412964,0.2547740042209625,0,-0.1908400058746338,-0.21190300583839417,0.9584760069847107,0,-0.49257999658584595,6.928124904632568,0,1,0.9912059903144836,0.08556000143289566,0.10094299912452698,0,-0.08765300363302231,-0.14694100618362427,0.9852539896965027,0,0.09913100302219391,-0.9854379892349243,-0.13814899325370789,0,0,13.629870414733887,0.10376700013875961,1,0.9931489825248718,0.08559799939393997,0.07954400032758713,0,-0.065652996301651,-0.15436899662017822,0.9858300089836121,0,0.09666399657726288,-0.9842979907989502,-0.1476919949054718,0,0.0265670008957386,8.824207305908203,0,1,0.9932370185852051,0.10411500185728073,0.05137699842453003,0,-0.10677000135183334,0.645281970500946,0.7564460039138794,0,0.045605000108480453,-0.756816029548645,0.6520349979400635,0,-0.12827999889850616,5.965642929077148,0,1,-0.006442175712436438,-0.001849991618655622,0.9999780058860779,0,-0.9716809391975403,-0.2362002283334732,-0.0066971671767532825,0,0.23620721697807312,-0.9717029333114624,-0.00027594491257332265,0,-9.220659255981445,11.879775047302246,0.09426800161600113,1,0.3462895452976227,-0.9282528758049011,-0.13575896620750427,0,0.8609575033187866,0.2569817900657654,0.43898943066596985,0,-0.372605562210083,-0.26890048384666443,0.8881768584251404,0,0,19.382638931274414,0,1,-0.08505836874246597,-0.9959177374839783,0.030205048620700836,0,0.9956647753715515,-0.08610337972640991,-0.03517499193549156,0,0.037632036954164505,0.027081994339823723,0.998924970626831,0,0,25.99243927001953,0,1,0.6535367965698242,0.2364702820777893,0.7190070748329163,0,0.015437387861311436,0.9455810785293579,-0.32501882314682007,0,-0.7567371129989624,0.22351139783859253,0.6143220663070679,0,0,21.079713821411133,0,1,0.5818049907684326,-0.6070889830589294,0.5412449836730957,0,0.13520599901676178,0.7284020185470581,0.6716769933700562,0,-0.802012026309967,-0.31760498881340027,0.50586998462677,0,4.885471820831299,6.2330780029296875,0,1,0.6615470051765442,0.3910540044307709,0.639868974685669,0,-0.7274209856987,0.5420020222663879,0.42082300782203674,0,-0.18224500119686127,-0.743848979473114,0.6430209875106812,0,0.11152900010347366,6.334640979766846,0,1,0.9465870261192322,0.2159779965877533,0.23942899703979492,0,-0.28557899594306946,0.9063230156898499,0.31148600578308105,0,-0.14972500503063202,-0.3632250130176544,0.919592022895813,0,0.1050570011138916,6.742958068847656,0,1,0.9958770275115967,-0.05995599925518036,-0.06807799637317657,0,0.052654001861810684,-0.2290620058774948,0.9719870090484619,0,-0.07387100160121918,-0.971563994884491,-0.22495999932289124,0,0,14.070053100585938,0.059053000062704086,1,0.9954789876937866,-0.060485001653432846,-0.07323899865150452,0,0.05790499970316887,-0.22477200627326965,0.9726889729499817,0,-0.07529500126838684,-0.9725319743156433,-0.22025400400161743,0,-0.0034940000623464584,8.26400375366211,0,1,0.9982349872589111,-0.053279999643564224,-0.026220999658107758,0,0.05372399836778641,0.6221969723701477,0.7810149788856506,0,-0.025297999382019043,-0.7810459733009338,0.6239609718322754,0,0.015495000407099724,6.10585880279541,0,1,-0.8135369420051575,-0.4547310471534729,0.3624590337276459,0,0.5740130543708801,-0.7277460098266602,0.3753589391708374,0,0.09309101849794388,0.5134249925613403,0.8530709743499756,0,7.271745204925537,-5.322803020477295,-2.1651880741119385,1,0.9677579998970032,0.2355319708585739,0.08926794677972794,0,0.016280926764011383,0.2951681315898895,-0.9553069472312927,0,-0.2513539791107178,0.9259589314460754,0.28181713819503784,0,0,30.27204132080078,0,1,0.6490387320518494,-0.035479020327329636,-0.7599281668663025,0,0.7448721528053284,0.232693150639534,0.62531578540802,0,0.1546441614627838,-0.9719029664993286,0.17745405435562134,0,0,18.94415283203125,0,1,0.9138860106468201,0.015320073813199997,-0.4056820273399353,0,0.3255620002746582,0.5693318843841553,0.7548970580101013,0,0.24253302812576294,-0.8219650387763977,0.515316903591156,0,0,13.023898124694824,0,1,-0.9667520523071289,0.23448492586612701,-0.1020188257098198,0,-0.2547348737716675,-0.9180070757865906,0.3039308488368988,0,-0.022386906668543816,0.3198128342628479,0.9472160339355469,0,-7.271745204925537,-5.322803020477295,6.0429301261901855,1,0.9468060731887817,0.3153468072414398,0.06415095180273056,0,-0.05710191652178764,0.36081281304359436,-0.9308880567550659,0,-0.31669881939888,0.8777071237564087,0.359626829624176,0,0,28.972278594970703,0,1,0.9608870148658752,-0.16121599078178406,0.22518087923526764,0,-0.19823694229125977,0.16738775372505188,0.965755045413971,0,-0.19338791072368622,-0.9726200699806213,0.1288817673921585,0,0,18.8565616607666,0,1,0.9257339835166931,0,0.3781749904155731,0,-0.3088169991970062,0.5772050023078918,0.7559540271759033,0,-0.2182849943637848,-0.8165990114212036,0.5343390107154846,0,0,12.844009399414062,0,1
K0.100,0.9882699847221375,-0.0750180035829544,0.13302500545978546,0,0.08487199991941452,0.9939290285110474,-0.07001399993896484,0,-0.1269650012254715,0.08048299700021744,0.9886369705200195,0,2.997162103652954,53.70425796508789,-1.5478349924087524,1,0.9955710172653198,0.07070799916982651,-0.06196099892258644,0,-0.05093500018119812,0.959613025188446,0.2766749858856201,0,0.07902199774980545,-0.27229300141334534,0.9589639902114868,0,0,9.583415985107422,0.32315799593925476,1,0.9993849992752075,-0.023367999121546745,-0.026142999529838562,0,0.026184000074863434,0.9932330250740051,0.1131490021944046,0,0.023322999477386475,-0.11376400291919708,0.9932339787483215,0,0,11.187003135681152,0,1,0.9994419813156128,-0.022926999256014824,-0.02430799975991249,0,0.025546999648213387,0.9931929707527161,0.11364799737930298,0,0.021537000313401222,-0.11420600116252899,0.993224024772644,0,0,12.785147666931152,0,1,0.9964050054550171,0.07523799687623978,0.03892999887466431,0,-0.075655996799469,0.9970899820327759,0.009375999681651592,0,-0.03811100125312805,-0.01228800043463707,0.9991980195045471,0,0,14.383284568786621,0,1,0.9840279817581177,0.12165699899196625,0.12995900213718414,0,-0.06913799792528152,0.9339140057563782,-0.3507480025291443,0,-0.16404199600219727,0.33616000413894653,0.9274089932441711,0,0,11.315444946289062,2.884643077850342,1,0.07086800038814545,0.011114000342786312,-0.9974240064620972,0,0.9705640077590942,-0.2315160036087036,0.06638000160455704,0,-0.2301820069551468,-0.9727680087089539,-0.027194000780582428,0,9.220659255981445,11.879112243652344,0.07459300011396408,1,0.8936799764633179,0.2909350097179413,0.34160199761390686,0,-0.419389009475708,0.8122580051422119,0.40540000796318054,0,-0.15952399373054504,-0.5055620074272156,0.8479139804840088,0,0,19.382638931274414,0,1,-0.467305988073349,0.883063018321991,-0.04270400106906891,0,-0.8828399777412415,-0.4686709940433502,-0.030674999579787254,0,-0.04710200056433678,0.023367000743746758,0.9986169934272766,0,0,25.99243927001953,0,1,0.6489589810371399,-0.1754319965839386,-0.7403209805488586,0,0.4247089922428131,0.8908650279045105,0.161190003156662,0,0.6312479972839355,-0.4190259873867035,0.6526430249214172,0,0,21.082355499267578,0,1,0.7874749898910522,0.3771730065345764,-0.4874660074710846,0,-0.0731550008058548,0.842503011226654,0.53370201587677,0,0.6119890213012695,-0.3846159875392914,0.6910420060157776,0,-4.542919158935547,6.352151870727539,0,1,0.4946739971637726,-0.8649340271949768,-0.08477800339460373,0,0.7261459827423096,0.35774898529052734,0.5871350169181824,0,-0.4775039851665497,-0.35200101137161255,0.8050370216369629,0,0.023468000814318657,6.247544765472412,0,1,0.9520230293273926,-0.2779189944267273,0.12811200320720673,0,0.23923100531101227,0.9369410276412964,0.2547749876976013,0,-0.1908400058746338,-0.21190300583839417,0.9584760069847107,0,-0.49257999658584595,6.928124904632568,0,1,0.9912059903144836,0.08556000143289566,0.10094299912452698,0,-0.08765300363302231,-0.14694100618362427,0.9852539896965027,0,0.09913100302219391,-0.9854379892349243,-0.13814899325370789,0,0,13.629870414733887,0.10376700013875961,1,0.9931489825248718,0.08559700101613998,0.07954400032758713,0,-0.065652996301651,-0.15436899662017822,0.9858300089836121,0,0.09666399657726288,-0.9842979907989502,-0.1476919949054718,0,0.0265670008957386,8.824207305908203,0,1,0.9932370185852051,0.10411500185728073,0.05137699842453003,0,-0.10676900297403336,0.6452829837799072,0.7564460039138794,0,0.045604001730680466,-0.756816029548645,0.6520349979400635,0,-0.12827999889850616,5.965642929077148,0,1,0.014292999170720577,-0.003441999899223447,0.999891996383667,0,-0.9768549799919128,-0.21349400281906128,0.013228999450802803,0,0.21342499554157257,-0.976938009262085,-0.006413999479264021,0,-9.220659255981445,11.879775047302246,0.09426800161600113,1,0.2860009968280792,-0.929082989692688,-0.23454000055789948,0,0.9031959772109985,0.17962099611759186,0.38983699679374695,0,-0.3200620114803314,-0.32332998514175415,0.8905159831047058,0,0,19.382638931274414,0,1,0.07918999344110489,-0.9965609908103943,0.02440200001001358,0,0.9963080286979675,0.07830799371004105,-0.03519799932837486,0,0.03316599875688553,0.02710000053048134,0.9990820288658142,0,0,25.99243927001953,0,1,0.6711379885673523,0.2022159993648529,0.7132189869880676,0,0.08331599831581116,0.9354079961776733,-0.34361299872398376,0,-0.7366350293159485,0.2900350093841553,0.6109399795532227,0,0,21.079713821411133,0,1,0.5818049907684326,-0.6070899963378906,0.5412449836730957,0,0.13520599901676178,0.7284020185470581,0.6716769933700562,0,-0.802012026309967,-0.31760498881340027,0.5058689713478088,0,4.885471820831299,6.2330780029296875,0,1,0.6615470051765442,0.3910540044307709,0.639868974685669,0,-0.7274209856987,0.5420020222663879,0.42082300782203674,0,-0.18224500119686127,-0.743848979473114,0.6430209875106812,0,0.11152900010347366,6.334640979766846,0,1,0.9465870261192322,0.2159779965877533,0.23942899703979492,0,-0.28557801246643066,0.9063230156898499,0.31148600578308105,0,-0.14972500503063202,-0.36322399973869324,0.919592022895813,0,0.1050570011138916,6.742958068847656,0,1,0.9958770275115967,-0.05995599925518036,-0.06807799637317657,0,0.052654001861810684,-0.22906099259853363,0.9719870090484619,0,-0.07387100160121918,-0.971563994884491,-0.22495999932289124,0,0,14.070053100585938,0.059053000062704086,1,0.9954789876937866,-0.060485001653432846,-0.07323899865150452,0,0.05790499970316887,-0.22477300465106964,0.9726889729499817,0,-0.07529500126838684,-0.9725319743156433,-0.22025400400161743,0,-0.0034940000623464584,8.26400375366211,0,1,0.9982349872589111,-0.053279999643564224,-0.026220999658107758,0,0.05372399836778641,0.6221969723701477,0.7810149788856506,0,-0.025297999382019043,-0.7810459733009338,0.6239609718322754,0,0.015495000407099724,6.10585880279541,0,1,-0.8174189925193787,-0.4493600130081177,0.3604179918766022,0,0.5680620074272156,-0.73260897397995,0.3749519884586334,0,0.09555699676275253,0.5112329721450806,0.854112982749939,0,7.271745204925537,-5.322803020477295,-2.1651880741119385,1,0.9656630158424377,0.23962800204753876,0.10037100315093994,0,0.025753000751137733,0.2961469888687134,-0.9547950029373169,0,-0.2585200071334839,0.9245949983596802,0.2798070013523102,0,0,30.27204132080078,0,1,0.6681820154190063,-0.03520900011062622,-0.7431640028953552,0,0.7299540042877197,0.22419099509716034,0.6456829905509949,0,0.14387600123882294,-0.9739090204238892,0.1755010038614273,0,0,18.94415283203125,0,1,0.9144729971885681,0.010711999610066414,-0.40450501441955566,0,0.32523998618125916,0.5752829909324646,0.7505120038986206,0,0.24074499309062958,-0.8178840279579163,0.5225970149040222,0,0,13.023898124694824,0,1,-0.9634429812431335,0.2400510013103485,-0.11896400153636932,0,-0.26576799154281616,-0.9124069809913635,0.311257004737854,0,-0.03382600098848343,0.3314949870109558,0.9428499937057495,0,-7.271745204925537,-5.322803020477295,6.0429301261901855,1,0.9422659873962402,0.3273630142211914,0.07048200070858002,0,-0.06814000010490417,0.39351800084114075,-0.9167879819869995,0,-0.32785800099372864,0.8590559959411621,0.39310500025749207,0,0,28.972278594970703,0,1,0.9566029906272888,-0.1592700034379959,0.24401800334453583,0,-0.21017999947071075,0.20288999378681183,0.9563789963722229,0,-0.20183099806308746,-0.9661620259284973,0.16061000525951385,0,0,18.8565616607666,0,1,0.9256389737129211,-0.0008679999154992402,0.37840598821640015,0,-0.3088409900665283,0.5760890245437622,0.7567949891090393,0,-0.21865299344062805,-0.8173859715461731,0.5329830050468445,0,0,12.844009399414062,0,1
