8.333,30,249,41
B0,mixamorig_Hips,-1,0.9952393770217896,-0.09464354068040848,-0.02327142283320427,0,0.0940985456109047,0.9952850341796875,-0.023511165753006935,0,0.0253871139138937,0.021208858117461205,0.9994530081748962,0,0.756938636302948,60.57439041137695,-1.9788974523544312,1
B1,mixamorig_Spine,0,0.9984074831008911,0.052879348397254944,0.019645465537905693,0,-0.05398287624120712,0.9966937899589539,0.06072310730814934,0,-0.016369426622986794,-0.06168747320771217,0.9979612827301025,0,0,9.583415985107422,0.32315799593925476,1
B2,mixamorig_Spine1,1,0.9946113228797913,0.10345423221588135,-0.006764720194041729,0,-0.10335823148488998,0.9945555329322815,0.013297212310135365,0,0.008103576488792896,-0.012526722624897957,0.9998890161514282,0,0,11.187003135681152,0,1
B3,mixamorig_Spine2,2,0.9946953654289246,0.10165206342935562,-0.01574304886162281,0,-0.10143723338842392,0.9947446584701538,0.013892212882637978,0,0.01707206666469574,-0.012221558950841427,0.999779999256134,0,0,12.785147666931152,0,1
B4,mixamorig_Neck,3,0.9992725253105164,-0.03768689185380936,0.005869378801435232,0,0.03777240216732025,0.999169647693634,-0.01524348184466362,0,-0.0052903788164258,0.015454500913619995,0.9998663067817688,0,0,14.383284568786621,0,1
B5,mixamorig_Head,4,0.9898667335510254,-0.14135907590389252,-0.013462585397064686,0,0.1416708379983902,0.9895716905593872,0.026014916598796844,0,0.009644932113587856,-0.027658818289637566,0.9995704889297485,0,0,11.315444946289062,2.884643077850342,1
B6,mixamorig_HeadTop_End,5,1,0,0,0,0,1,0,0,0,0,1,0,0,52.526214599609375,13.390490531921387,1
B7,mixamorig_LeftShoulder,3,0.24768751859664917,0.06089087948203087,-0.966924250125885,0,0.918327271938324,-0.3328036069869995,0.21428056061267853,0,-0.30874815583229065,-0.9410281181335449,-0.13834941387176514,0,9.220659255981445,11.879112243652344,0.07459300011396408,1
B8,mixamorig_LeftArm,7,0.9985981583595276,-0.04299788922071457,-0.030866049230098724,0,0.04388684406876564,0.34663161635398865,0.9369744658470154,0,-0.029588403180241585,-0.9370150566101074,0.3480326235294342,0,0,19.382638931274414,0,1
B9,mixamorig_LeftForeArm,8,0.968122661113739,0.250373512506485,0.007170163560658693,0,-0.25030964612960815,0.968126654624939,-0.008697856217622757,0,-0.009118836373090744,0.006625182926654816,0.9999361634254456,0,0,25.99243927001953,0,1
B10,mixamorig_LeftHand,9,0.9534080028533936,-0.029790617525577545,0.30021002888679504,0,-0.021726302802562714,0.9857482314109802,0.16681872308254242,0,-0.300900936126709,-0.16556940972805023,0.9391730427742004,0,0,21.082355499267578,0,1
B11,mixamorig_LeftHandThumb1,10,0.7611709237098694,0.5352792143821716,-0.3661893904209137,0,-0.41962605714797974,0.8369900584220886,0.3512289524078369,0,0.4945025146007538,-0.11368317902088165,0.8617093563079834,0,-4.542919158935547,6.352151870727539,0,1
B12,mixamorig_LeftHandThumb2,11,0.8111559152603149,-0.5426337718963623,0.2181166559457779,0,0.5027974843978882,0.8375460505485535,0.21380123496055603,0,-0.2986985445022583,-0.0637575089931488,0.9522154927253723,0,0.023468000814318657,6.247544765472412,0,1
B13,mixamorig_LeftHandThumb3,12,0.9984918236732483,0.023177355527877808,0.0497758574783802,0,-0.02560102753341198,0.9984897971153259,0.048606857657432556,0,-0.04857369139790535,-0.04980718344449997,0.9975771903991699,0,-0.49257999658584595,6.928124904632568,0,1
B14,mixamorig_LeftHandThumb4,13,1,0,0,0,0,1,0,0,0,0,1,0,0.46911200881004333,4.42478084564209,0,1
B15,mixamorig_LeftHandIndex1,10,0.9987990260124207,-0.04860067367553711,-0.006252999883145094,0,0.048978835344314575,0.9863335490226746,0.15731261670589447,0,-0.0014779999619349837,-0.15743045508861542,0.9875286817550659,0,0,13.629870414733887,0.10376700013875961,1
B16,mixamorig_LeftHandIndex2,15,1,0.0006043268949724734,0.00021499999274965376,0,-0.0006413268856704235,0.9354291558265686,0.3535134494304657,0,0.000013000001672480721,-0.3535134494304657,0.9354291558265686,0,0.0265670008957386,8.824207305908203,0,1
B17,mixamorig_LeftHandIndex3,16,0.9974799752235413,0.07046233117580414,0.008247164078056812,0,-0.07081432640552521,0.9819205403327942,0.17554745078086853,0,0.004271163605153561,-0.17568862438201904,0.9844365119934082,0,-0.12827999889850616,5.965642929077148,0,1
B18,mixamorig_LeftHandIndex4,17,1,0,0,0,0,1,0,0,0,0,1,0,0.10171200335025787,3.719054937362671,0,1
B19,mixamorig_RightShoulder,3,0.07066076993942261,-0.07756504416465759,0.9944802522659302,0,-0.9410534501075745,-0.33580392599105835,0.04067292436957359,0,0.330795019865036,-0.9387325644493103,-0.09672047197818756,0,-9.220659255981445,11.879775047302246,0.09426800161600113,1
B20,mixamorig_RightArm,19,0.9985469579696655,-0.04345720633864403,-0.03187678009271622,0,0.05154173821210861,0.5971349477767944,0.8004834651947021,0,-0.015751875936985016,-0.8009630441665649,0.5985072255134583,0,0,19.382638931274414,0,1
B21,mixamorig_RightForeArm,20,0.9524784088134766,-0.30453723669052124,-0.0064500002190470695,0,0.3044600784778595,0.9524644017219543,-0.010757164098322392,0,0.0094200000166893,0.008282164111733437,0.9999210238456726,0,0,25.99243927001953,0,1
B22,mixamorig_RightHand,21,0.9908533096313477,0.12588761746883392,-0.04860564321279526,0,-0.11368189007043839,0.9727702140808105,0.201976478099823,0,0.07270849496126175,-0.19460415840148926,0.9781832098960876,0,0,21.079713821411133,0,1
B23,mixamorig_RightHandThumb1,22,0.7676880955696106,-0.5139111876487732,0.3828192353248596,0,0.39253705739974976,0.8493094444274902,0.3529701232910156,0,-0.5065275430679321,-0.12070034444332123,0.8537333607673645,0,4.885471820831299,6.2330780029296875,0,1
B24,mixamorig_RightHandThumb2,23,0.848283588886261,0.4782906174659729,-0.22727233171463013,0,-0.4421711266040802,0.8759235739707947,0.19298438727855682,0,0.29137569665908813,-0.06321267038583755,0.9545183181762695,0,0.11152900010347366,6.334640979766846,0,1
B25,mixamorig_RightHandThumb3,24,0.996486485004425,0.06997480988502502,-0.04602701961994171,0,-0.06736097484827042,0.9961514472961426,0.056076858192682266,0,0.0497736930847168,-0.05277934670448303,0.9973651766777039,0,0.1050570011138916,6.742958068847656,0,1
B26,mixamorig_RightHandThumb4,25,1,0,0,0,0,1,0,0,0,0,1,0,-0.21658700704574585,4.398326873779297,0,1
B27,mixamorig_RightHandIndex1,22,0.998412013053894,0.054818835109472275,0.01295199990272522,0,-0.0561528354883194,0.9867445230484009,0.15225861966609955,0,-0.004433836322277784,-0.15274445712566376,0.9882556796073914,0,0,14.070053100585938,0.059053000062704086,1
B28,mixamorig_RightHandIndex2,27,0.9999110102653503,-0.012697163969278336,-0.0041241636499762535,0,0.013334326446056366,0.9351711869239807,0.3539451062679291,0,-0.0006370000191964209,-0.3539682924747467,0.9352571368217468,0,-0.0034940000623464584,8.26400375366211,0,1
B29,mixamorig_RightHandIndex3,28,0.9988960027694702,-0.0460001640021801,-0.009485163725912571,0,0.04693916440010071,0.9706735014915466,0.2357744574546814,0,-0.0016381634632125497,-0.23595945537090302,0.9717615246772766,0,0.015495000407099724,6.10585880279541,0,1
B30,mixamorig_RightHandIndex4,29,1,0,0,0,0,1,0,0,0,0,1,0,-0.012001000344753265,3.2525739669799805,0,1
B31,mixamorig_LeftUpLeg,0,-0.8878640532493591,-0.2921469211578369,0.35545361042022705,0,0.4217243492603302,-0.8256284594535828,0.37481430172920227,0,0.1839715838432312,0.48268845677375793,0.8562514781951904,0,7.271745204925537,-5.322803020477295,-2.1651880741119385,1
B32,mixamorig_LeftLeg,31,0.8472082614898682,0.28496378660202026,0.44836705923080444,0,0.1836109459400177,0.6349020004272461,-0.7504573464393616,0,-0.49852272868156433,0.7181189060211182,0.4855722188949585,0,0,30.27204132080078,0,1
B33,mixamorig_LeftFoot,32,0.7520106434822083,-0.03316400945186615,-0.6583160758018494,0,0.5758136510848999,0.5191385746002197,0.6316126585006714,0,0.32081061601638794,-0.8540465831756592,0.40949368476867676,0,0,18.94415283203125,0,1
B34,mixamorig_LeftToeBase,33,0.9152713418006897,0.004364384803920984,-0.4028143584728241,0,0.32481881976127625,0.5834422707557678,0.7443705797195435,0,0.23826785385608673,-0.8121427297592163,0.5325900912284851,0,0,13.023898124694824,0,1
B35,mixamorig_LeftToe_End,34,1,0,0,0,0,1,0,0,0,0,1,0,0,5.268302917480469,0,1
B36,mixamorig_RightUpLeg,0,-0.9955537915229797,-0.06854213029146194,-0.06461408734321594,0,0.07512272149324417,-0.991565465927124,-0.10561578720808029,0,-0.05682934820652008,-0.10999999195337296,0.9923054575920105,0,-7.271745204925537,-5.322803020477295,6.0429301261901855,1
B37,mixamorig_RightLeg,36,0.9422789812088013,0.31814512610435486,-0.10437430441379547,0,-0.3348149359226227,0.8980889320373535,-0.2851932644844055,0,0.003004966303706169,0.30367743968963623,0.952769935131073,0,0,28.972278594970703,0,1
B38,mixamorig_RightFoot,37,0.9267427325248718,-0.34411969780921936,0.15076281130313873,0,0.057689834386110306,0.5268760323524475,0.8479821681976318,0,-0.37124091386795044,-0.777163565158844,0.5081305503845215,0,0,18.8565616607666,0,1
B39,mixamorig_RightToeBase,38,0.9251337647438049,-0.005450737662613392,0.37960153818130493,0,-0.30897679924964905,0.5701818466186523,0.7612007260322571,0,-0.22059114277362823,-0.8215004205703735,0.5258100032806396,0,0,12.844009399414062,0,1
B40,mixamorig_RightToe_End,39,1,0,0,0,0,1,0,0,0,0,1,0,0,5.283959865570068,0,1
@34,0,1,2,3,4,5,7,8,9,10,11,12,13,15,16,17,19,20,21,22,23,24,25,27,28,29,31,32,33,34,36,37,38,39
K0.000,0.9952409863471985,-0.09462899714708328,-0.023259000852704048,0,0.0940840020775795,0.9952859878540039,-0.023528000339865685,0,0.02537599951028824,0.021227000281214714,0.9994530081748962,0,0.7557700276374817,60.57427215576172,-1.981652021408081,1,0.9984059929847717,0.052896998822689056,0.019669000059366226,0,-0.05400199815630913,0.9966920018196106,0.0607369989156723,0,-0.016390999779105186,-0.06170300021767616,0.9979599714279175,0,0,9.583415985107422,0.32315799593925476,1,0.9946119785308838,0.10344900190830231,-0.006759000010788441,0,-0.10335300117731094,0.9945560097694397,0.013307999819517136,0,0.008098999969661236,-0.012538000009953976,0.9998890161514282,0,0,11.187003135681152,0,1,0.9946960210800171,0.10164699703454971,-0.015737000852823257,0,-0.10143200308084488,0.9947450160980225,0.013903000392019749,0,0.01706700026988983,-0.012233000248670578,0.999779999256134,0,0,12.785147666931152,0,1,0.9992730021476746,-0.03767300024628639,0.005896999966353178,0,0.037758998572826385,0.9991700053215027,-0.01525100041180849,0,-0.005317999981343746,0.015463000163435936,0.9998660087585449,0,0,14.383284568786621,0,1,0.9898790121078491,-0.14128699898719788,-0.013314999639987946,0,0.1415950059890747,0.9895820021629333,0.02603599987924099,0,0.009498000144958496,-0.027658000588417053,0.9995719790458679,0,0,11.315444946289062,2.884643077850342,1,0.24780699610710144,0.060867998749017715,-0.9668949842453003,0,0.9182810187339783,-0.33285900950431824,0.2143930047750473,0,-0.308789998292923,-0.9410099983215332,-0.13837899267673492,0,9.220659255981445,11.879112243652344,0.07459300011396408,1,0.9985979795455933,-0.04295000061392784,-0.030936000868678093,0,0.04393799975514412,0.34669700264930725,0.9369480013847351,0,-0.029516000300645828,-0.9369930028915405,0.3480980098247528,0,0,19.382638931274414,0,1,0.9681140184402466,0.25040701031684875,0.007170000113546848,0,-0.25034299492836,0.9681180119514465,-0.008698999881744385,0,-0.009119000285863876,0.006626000162214041,0.9999359846115112,0,0,25.99243927001953,0,1,0.9534069895744324,-0.029805000871419907,0.30021199584007263,0,-0.02169100008904934,0.985759973526001,0.16675400733947754,0,-0.3009069859981537,-0.16549700498580933,0.9391840100288391,0,0,21.082355499267578,0,1,0.7611740231513977,0.535273015499115,-0.3661920130252838,0,-0.41962000727653503,0.8369939923286438,0.3512269854545593,0,0.494502991437912,-0.11368399858474731,0.8617089986801147,0,-4.542919158935547,6.352151870727539,0,1,0.8111519813537598,-0.542639970779419,0.21811600029468536,0,0.5028030276298523,0.8375419974327087,0.21380400657653809,0,-0.2987000048160553,-0.0637580007314682,0.9522150158882141,0,0.023468000814318657,6.247544765472412,0,1,0.9984920024871826,0.023169999942183495,0.04977700114250183,0,-0.02559399977326393,0.9984899759292603,0.048608001321554184,0,-0.04857499897480011,-0.04980799928307533,0.9975770115852356,0,-0.49257999658584595,6.928124904632568,0,1,0.9987990260124207,-0.048601001501083374,-0.006252999883145094,0,0.04897899925708771,0.9863340258598328,0.15730999410152435,0,-0.0014779999619349837,-0.15742799639701843,0.9875289797782898,0,0,13.629870414733887,0.10376700013875961,1,1,0.0006040000007487833,0.00021499999274965376,0,-0.0006409999914467335,0.9354299902915955,0.3535110056400299,0,0.000012999999853491317,-0.3535110056400299,0.9354299902915955,0,0.0265670008957386,8.824207305908203,0,1,0.9974799752235413,0.07046200335025787,0.00824700016528368,0,-0.07081399857997894,0.9819210171699524,0.17554500699043274,0,0.004271000158041716,-0.17568600177764893,0.9844369888305664,0,-0.12827999889850616,5.965642929077148,0,1,0.07060699909925461,-0.07756700366735458,0.994484007358551,0,-0.9410750269889832,-0.3357490003108978,0.040626998990774155,0,0.33074501156806946,-0.9387519955635071,-0.09670200198888779,0,-9.220659255981445,11.879775047302246,0.09426800161600113,1,0.9985430240631104,-0.04355200007557869,-0.031874001026153564,0,0.05159600079059601,0.5971230268478394,0.8004890084266663,0,-0.01583000086247921,-0.8009669780731201,0.5985000133514404,0,0,19.382638931274414,0,1,0.9524800181388855,-0.304531991481781,-0.0064500002190470695,0,0.3044550120830536,0.9524660110473633,-0.01075700018554926,0,0.0094200000166893,0.008282000198960304,0.9999210238456726,0,0,25.99243927001953,0,1,0.9908530116081238,0.1258939951658249,-0.04859599843621254,0,-0.1136849969625473,0.972756028175354,0.20204299688339233,0,0.07270800322294235,-0.19467100501060486,0.9781699776649475,0,0,21.079713821411133,0,1,0.7676910161972046,-0.5139049887657166,0.3828220069408417,0,0.39253100752830505,0.8493130207061768,0.3529680073261261,0,-0.5065280199050903,-0.12070100009441376,0.8537330031394958,0,4.885471820831299,6.2330780029296875,0,1,0.8482800126075745,0.47829699516296387,-0.22727200388908386,0,-0.4421769976615906,0.8759199976921082,0.19298699498176575,0,0.2913770079612732,-0.06321299821138382,0.9545180201530457,0,0.11152900010347366,6.334640979766846,0,1,0.9964860081672668,0.06998199969530106,-0.04602799937129021,0,-0.06736800074577332,0.9961509704589844,0.056078001856803894,0,0.04977500066161156,-0.05277999863028526,0.9973649978637695,0,0.1050570011138916,6.742958068847656,0,1,0.998412013053894,0.05481899902224541,0.01295199990272522,0,-0.05615299940109253,0.9867449998855591,0.15225599706172943,0,-0.004433999769389629,-0.15274199843406677,0.9882559776306152,0,0,14.070053100585938,0.059053000062704086,1,0.9999110102653503,-0.012697000056505203,-0.0041240002028644085,0,0.013333999551832676,0.9351720213890076,0.35394299030303955,0,-0.0006370000191964209,-0.35396599769592285,0.9352579712867737,0,-0.0034940000623464584,8.26400375366211,0,1,0.9988960027694702,-0.04600000008940697,-0.009484999813139439,0,0.046939000487327576,0.9706739783287048,0.2357719987630844,0,-0.0016380000161007047,-0.23595699667930603,0.9717620015144348,0,0.015495000407099724,6.10585880279541,0,1,-0.8878669738769531,-0.29214200377464294,0.35545000433921814,0,0.42171600461006165,-0.8256369829177856,0.3748050034046173,0,0.18397599458694458,0.48267701268196106,0.8562570214271545,0,7.271745204925537,-5.322803020477295,-2.1651880741119385,1,0.8472049832344055,0.28492799401283264,0.4483959972858429,0,0.1836169958114624,0.6349610090255737,-0.75040602684021,0,-0.498526006937027,0.718080997467041,0.4856249988079071,0,0,30.27204132080078,0,1,0.7520279884338379,-0.03317299857735634,-0.6582959890365601,0,0.5758020281791687,0.519133985042572,0.6316270232200623,0,0.32079100608825684,-0.854049026966095,0.4095039963722229,0,0,18.94415283203125,0,1,0.915270984172821,0.0043669999577105045,-0.4028150141239166,0,0.32481899857521057,0.5834389925003052,0.7443730235099792,0,0.23826900124549866,-0.8121449947357178,0.5325859785079956,0,0,13.023898124694824,0,1,-0.9955520033836365,-0.0685570016503334,-0.06462699919939041,0,0.07513400167226791,-0.9915739893913269,-0.10552900284528732,0,-0.05684699863195419,-0.10991500318050385,0.9923139810562134,0,-7.271745204925537,-5.322803020477295,6.0429301261901855,1,0.9422799944877625,0.31811800599098206,-0.10444899648427963,0,-0.3348119854927063,0.8980510234832764,-0.28531599044799805,0,0.003037000074982643,0.3038179874420166,0.9527249932289124,0,0,28.972278594970703,0,1,0.9267380237579346,-0.3441370129585266,0.15075300633907318,0,0.05768999829888344,0.5268359780311584,0.8480070233345032,0,-0.37125301361083984,-0.7771829962730408,0.5080919861793518,0,0,18.8565616607666,0,1,0.9251360297203064,-0.005429000128060579,0.3795959949493408,0,-0.3089759945869446,0.5702099800109863,0.7611799836158752,0,-0.2205819934606552,-0.8214809894561768,0.5258439779281616,0,0,12.844009399414062,0,1
K0.033,0.9952309727668762,-0.09471800178289413,-0.02333500236272812,0,0.09417299926280975,0.9952800273895264,-0.02342499978840351,0,0.025444000959396362,0.021115999668836594,0.9994530081748962,0,0.762920081615448,60.57499694824219,-1.964797854423523,1,0.9984149932861328,0.05278899893164635,0.01952500082552433,0,-0.05388500168919563,0.996703028678894,0.0606519989669323,0,-0.016258999705314636,-0.061608001589775085,0.9979680180549622,0,0,9.583415985107422,0.32315799593925476,1,0.9946079850196838,0.1034810021519661,-0.006794000044465065,0,-0.10338500142097473,0.9945530295372009,0.013241998851299286,0,0.00812700018286705,-0.01246899925172329,0.9998890161514282,0,0,11.187003135681152,0,1,0.9946920275688171,0.10167799890041351,-0.01577400043606758,0,-0.10146400332450867,0.9947429895401001,0.013836999423801899,0,0.017098000273108482,-0.012162999249994755,0.999779999256134,0,0,12.785147666931152,0,1,0.9992700219154358,-0.0377580001950264,0.005727998446673155,0,0.03784099966287613,0.9991679787635803,-0.015204998664557934,0,-0.005148998461663723,0.015410998836159706,0.9998679757118225,0,0,14.383284568786621,0,1,0.9898040294647217,-0.1417279988527298,-0.01421800721436739,0,0.14205899834632874,0.9895190000534058,0.0259069986641407,0,0.010397007688879967,-0.02766299992799759,0.9995629787445068,0,0,11.315444946289062,2.884643077850342,1,0.24707600474357605,0.06100799888372421,-0.9670739769935608,0,0.9185640215873718,-0.3325200080871582,0.21370500326156616,0,-0.30853399634361267,-0.941120982170105,-0.13819800317287445,0,9.220659255981445,11.879112243652344,0.07459300011396408,1,0.9985989928245544,-0.04324300214648247,-0.030507996678352356,0,0.04362499713897705,0.3462969958782196,0.9371100068092346,0,-0.029959004372358322,-0.9371280074119568,0.34769800305366516,0,0,19.382638931274414,0,1,0.9681670069694519,0.2502020001411438,0.007170999888330698,0,-0.2501389980316162,0.9681710004806519,-0.008692000061273575,0,-0.00911800004541874,0.00662099989131093,0.9999369978904724,0,0,25.99243927001953,0,1,0.9534130096435547,-0.02971699833869934,0.3001999855041504,0,-0.021907001733779907,0.9856879711151123,0.16715000569820404,0,-0.30087000131607056,-0.16594000160694122,0.9391170144081116,0,0,21.082355499267578,0,1,0.7611550092697144,0.5353109836578369,-0.3661760091781616,0,-0.41965699195861816,0.8369699716567993,0.35123899579048157,0,0.4945000112056732,-0.11367899924516678,0.8617110252380371,0,-4.542919158935547,6.352151870727539,0,1,0.8111760020256042,-0.542602002620697,0.21811999380588531,0,0.5027689933776855,0.8375669717788696,0.2137870043516159,0,-0.2986910045146942,-0.06375499814748764,0.9522179961204529,0,0.023468000814318657,6.247544765472412,0,1,0.9984909892082214,0.023215001448988914,0.04977000132203102,0,-0.025637002661824226,0.9984890222549438,0.048601001501083374,0,-0.04856700077652931,-0.0498029999434948,0.9975780248641968,0,-0.49257999658584595,6.928124904632568,0,1,0.9987990260124207,-0.0485990010201931,-0.006252999883145094,0,0.04897800087928772,0.9863309860229492,0.15732599794864655,0,-0.0014779999619349837,-0.15744300186634064,0.9875270128250122,0,0,13.629870414733887,0.10376700013875961,1,1,0.000606000074185431,0.00021500000730156898,0,-0.0006430000648833811,0.9354249835014343,0.3535259962081909,0,0.000013000009857933037,-0.3535259962081909,0.9354249835014343,0,0.0265670008957386,8.824207305908203,0,1,0.9974799752235413,0.07046400010585785,0.008248000405728817,0,-0.07081600278615952,0.9819179773330688,0.17555999755859375,0,0.004271999932825565,-0.17570200562477112,0.9844340085983276,0,-0.12827999889850616,5.965642929077148,0,1,0.07093600183725357,-0.07755500078201294,0.9944609999656677,0,-0.9409430027008057,-0.3360849916934967,0.040908001363277435,0,0.3310509920120239,-0.9386330246925354,-0.09681499749422073,0,-9.220659255981445,11.879775047302246,0.09426800161600113,1,0.9985669851303101,-0.04297199472784996,-0.031890999525785446,0,0.051263995468616486,0.5971959829330444,0.8004549741744995,0,-0.015351994894444942,-0.8009430170059204,0.5985440015792847,0,0,19.382638931274414,0,1,0.9524700045585632,-0.3045639991760254,-0.0064500002190470695,0,0.3044860064983368,0.952455997467041,-0.010758000425994396,0,0.0094200000166893,0.008283000439405441,0.9999210238456726,0,0,25.99243927001953,0,1,0.9908549785614014,0.1258549988269806,-0.04865500330924988,0,-0.11366599798202515,0.9728429913520813,0.20163600146770477,0,0.07271099835634232,-0.19426199793815613,0.9782509803771973,0,0,21.079713821411133,0,1,0.7676730155944824,-0.5139430165290833,0.3828049898147583,0,0.3925679922103882,0.8492910265922546,0.35298100113868713,0,-0.5065249800682068,-0.12069699913263321,0.8537350296974182,0,4.885471820831299,6.2330780029296875,0,1,0.8483020067214966,0.47825801372528076,-0.22727400064468384,0,-0.44214099645614624,0.8759419918060303,0.19297100603580475,0,0.2913689911365509,-0.06321100145578384,0.9545199871063232,0,0.11152900010347366,6.334640979766846,0,1,0.9964889883995056,0.06993799656629562,-0.04602200165390968,0,-0.06732500344514847,0.9961540102958679,0.056070998311042786,0,0.04976699873805046,-0.05277600139379501,0.9973660111427307,0,0.1050570011138916,6.742958068847656,0,1,0.998412013053894,0.05481800064444542,0.01295199990272522,0,-0.05615200102329254,0.9867420196533203,0.15227200090885162,0,-0.00443299999460578,-0.15275700390338898,0.9882540106773376,0,0,14.070053100585938,0.059053000062704086,1,0.9999110102653503,-0.01269800029695034,-0.004124999977648258,0,0.01333600003272295,0.9351670145988464,0.353956013917923,0,-0.0006370000191964209,-0.35398000478744507,0.9352530241012573,0,-0.0034940000623464584,8.26400375366211,0,1,0.9988960027694702,-0.046000998467206955,-0.009486000053584576,0,0.046939998865127563,0.9706709980964661,0.23578700423240662,0,-0.001639000023715198,-0.23597200214862823,0.971759021282196,0,0.015495000407099724,6.10585880279541,0,1,-0.887848973274231,-0.29217201471328735,0.35547199845314026,0,0.421766996383667,-0.8255850076675415,0.3748619854450226,0,0.18394899368286133,0.48274698853492737,0.8562229871749878,0,7.271745204925537,-5.322803020477295,-2.1651880741119385,1,0.84722501039505,0.2851470112800598,0.4482190012931824,0,0.18357999622821808,0.6345999836921692,-0.7507200241088867,0,-0.49850600957870483,0.7183129787445068,0.48530200123786926,0,0,30.27204132080078,0,1,0.7519220113754272,-0.03311799839138985,-0.6584190130233765,0,0.5758730173110962,0.5191619992256165,0.631538987159729,0,0.3209109902381897,-0.8540340065956116,0.4094409942626953,0,0,18.94415283203125,0,1,0.9152730107307434,0.004350999370217323,-0.4028109908103943,0,0.3248179852962494,0.5834590196609497,0.7443580031394958,0,0.23826199769973755,-0.8121309876441956,0.5326110124588013,0,0,13.023898124694824,0,1,-0.9955629706382751,-0.06846600025892258,-0.06454800069332123,0,0.0750650018453598,-0.9915220141410828,-0.10606000572443008,0,-0.056738998740911484,-0.11043500900268555,0.9922620058059692,0,-7.271745204925537,-5.322803020477295,6.0429301261901855,1,0.9422739744186401,0.3182840049266815,-0.10399200022220612,0,-0.33482998609542847,0.8982830047607422,-0.2845650017261505,0,0.0028410006780177355,0.30295801162719727,0.953000009059906,0,0,28.972278594970703,0,1,0.9267669916152954,-0.3440310060977936,0.1508129984140396,0,0.05768899992108345,0.5270810127258301,0.8478549718856812,0,-0.3711790144443512,-0.7770640254020691,0.5083280205726624,0,0,18.8565616607666,0,1,0.9251220226287842,-0.005562001373618841,0.3796299993991852,0,-0.3089810013771057,0.5700380206108093,0.7613070011138916,0,-0.22063800692558289,-0.8216000199317932,0.5256360173225403,0,0,12.844009399414062,0,1
K0.067,0.9952170252799988,-0.09482000023126602,-0.023506999015808105,0,0.09427399933338165,0.9952719807624817,-0.023360999301075935,0,0.025610998272895813,0.021034000441432,0.9994509816169739,0,0.7695909142494202,60.577022552490234,-1.9479161500930786,1,0.9984229803085327,0.05265900120139122,0.019440000876784325,0,-0.0537480004131794,0.9967179894447327,0.06054000183939934,0,-0.01618799939751625,-0.06148900091648102,0.9979760050773621,0,0,9.583415985107422,0.32315799593925476,1,0.9946079850196838,0.10348299890756607,-0.006814999971538782,0,-0.1033879965543747,0.9945539832115173,0.013136001303792,0,0.008136999793350697,-0.01236100122332573,0.9998900294303894,0,0,11.187003135681152,0,1,0.9946920275688171,0.10168000310659409,-0.015799999237060547,0,-0.10146699845790863,0.9947440028190613,0.013730000704526901,0,0.01711300015449524,-0.012054000981152058,0.9997810125350952,0,0,12.785147666931152,0,1,0.9992700219154358,-0.03779200091958046,0.005588001571595669,0,0.03787200152873993,0.9991679787635803,-0.015122001059353352,0,-0.005012001376599073,0.015322000719606876,0.9998700022697449,0,0,14.383284568786621,0,1,0.9897419810295105,-0.14208200573921204,-0.014961992390453815,0,0.14243200421333313,0.9894689917564392,0.02577500231564045,0,0.011141992174088955,-0.02764200046658516,0.9995560050010681,0,0,11.315444946289062,2.884643077850342,1,0.24650700390338898,0.061170998960733414,-0.967208981513977,0,0.918874979019165,-0.3319909870624542,0.21319200098514557,0,-0.30806300044059753,-0.9412969946861267,-0.138046994805336,0,9.220659255981445,11.879112243652344,0.07459300011396408,1,0.9985989928245544,-0.04343000054359436,-0.030227001756429672,0,0.04340600222349167,0.3456760048866272,0.9373499751091003,0,-0.03025999665260315,-0.9373490214347839,0.34707701206207275,0,0,19.382638931274414,0,1,0.9681910276412964,0.250108003616333,0.007172999903559685,0,-0.2500450015068054,0.9681950211524963,-0.008688000030815601,0,-0.009116999804973602,0.006618000101298094,0.9999369978904724,0,0,25.99243927001953,0,1,0.9534469842910767,-0.02959900163114071,0.30010300874710083,0,-0.022088998928666115,0.9856430292129517,0.16738900542259216,0,-0.3007490038871765,-0.16622599959373474,0.9391049742698669,0,0,21.082355499267578,0,1,0.7611119747161865,0.5353999733924866,-0.36613699793815613,0,-0.41974401473999023,0.8369150161743164,0.3512659966945648,0,0.4944930076599121,-0.1136690005660057,0.8617169857025146,0,-4.542919158935547,6.352151870727539,0,1,0.8112329840660095,-0.5425140261650085,0.2181279957294464,0,0.5026900172233582,0.8376240134239197,0.2137479931116104,0,-0.29867100715637207,-0.06374900043010712,0.9522250294685364,0,0.023468000814318657,6.247544765472412,0,1,0.9984890222549438,0.023319998756051064,0.04975700005888939,0,-0.02574099786579609,0.9984869956970215,0.048583999276161194,0,-0.048549000173807144,-0.04979199916124344,0.9975789785385132,0,-0.49257999658584595,6.928124904632568,0,1,0.9987990260124207,-0.04859599843621254,-0.006252000108361244,0,0.04897399991750717,0.9863259792327881,0.15736199915409088,0,-0.0014799999771639705,-0.15747900307178497,0.9875209927558899,0,0,13.629870414733887,0.10376700013875961,1,1,0.0006099999300204217,0.0002159999858122319,0,-0.0006469999207183719,0.9354119896888733,0.3535589873790741,0,0.000013999990187585354,-0.3535600006580353,0.9354119896888733,0,0.0265670008957386,8.824207305908203,0,1,0.9974799752235413,0.07046700268983841,0.008249999955296516,0,-0.07081999629735947,0.9819120168685913,0.1755950003862381,0,0.004273000173270702,-0.17573699355125427,0.9844279885292053,0,-0.12827999889850616,5.965642929077148,0,1,0.07111699879169464,-0.07760600000619888,0.9944440126419067,0,-0.9408969879150391,-0.3361949920654297,0.041051000356674194,0,0.33114099502563477,-0.9385899901390076,-0.09692899882793427,0,-9.220659255981445,11.879775047302246,0.09426800161600113,1,0.9985870122909546,-0.04241600260138512,-0.03200199827551842,0,0.051016002893447876,0.5970270037651062,0.8005980253219604,0,-0.014852005057036877,-0.8010990023612976,0.598347008228302,0,0,19.382638931274414,0,1,0.9524710178375244,-0.30456000566482544,-0.0064500002190470695,0,0.30448299646377563,0.9524570107460022,-0.010758000425994396,0,0.0094200000166893,0.008283000439405441,0.9999210238456726,0,0,25.99243927001953,0,1,0.9908360242843628,0.12592899799346924,-0.04885299503803253,0,-0.1136929988861084,0.9728209972381592,0.2017260044813156,0,0.07292799651622772,-0.19432300329208374,0.9782230257987976,0,0,21.079713821411133,0,1,0.767632007598877,-0.5140330195426941,0.382766991853714,0,0.39265498518943787,0.8492379784584045,0.35301199555397034,0,-0.5065199732780457,-0.12068799883127213,0.8537399768829346,0,4.885471820831299,6.2330780029296875,0,1,0.8483520150184631,0.47816601395606995,-0.22727900743484497,0,-0.4420570135116577,0.8759920001029968,0.19293199479579926,0,0.29134899377822876,-0.06320399791002274,0.9545270204544067,0,0.11152900010347366,6.334640979766846,0,1,0.9964969754219055,0.06983300298452377,-0.04600900039076805,0,-0.06722100079059601,0.9961619973182678,0.056056998670101166,0,0.04974700137972832,-0.05276700109243393,0.9973670244216919,0,0.1050570011138916,6.742958068847656,0,1,0.9984130263328552,0.05481500178575516,0.01295199990272522,0,-0.05615000054240227,0.9867370128631592,0.15230700373649597,0,-0.00443200021982193,-0.1527930051088333,0.9882479906082153,0,0,14.070053100585938,0.059053000062704086,1,0.9999110102653503,-0.012701000086963177,-0.004126000218093395,0,0.013338999822735786,0.9351540207862854,0.35398998856544495,0,-0.0006380000268109143,-0.35401400923728943,0.9352399706840515,0,-0.0034940000623464584,8.26400375366211,0,1,0.9988960027694702,-0.04600299894809723,-0.009487999603152275,0,0.046943001449108124,0.970661997795105,0.23582200706005096,0,-0.001639000023715198,-0.23600700497627258,0.971750020980835,0,0.015495000407099724,6.10585880279541,0,1,-0.8878610134124756,-0.29221200942993164,0.3554080128669739,0,0.42177000641822815,-0.8255869746208191,0.37485501170158386,0,0.18388299643993378,0.4827199876308441,0.8562530279159546,0,7.271745204925537,-5.322803020477295,-2.1651880741119385,1,0.8472430109977722,0.28532999753952026,0.4480699896812439,0,0.18349100649356842,0.6343790292739868,-0.7509289979934692,0,-0.4985080063343048,0.7184360027313232,0.48511800169944763,0,0,30.27204132080078,0,1,0.7517719864845276,-0.0330669991672039,-0.658594012260437,0,0.5760089755058289,0.5191349983215332,0.6314370036125183,0,0.3210189938545227,-0.8540520071983337,0.4093180000782013,0,0,18.94415283203125,0,1,0.9152770042419434,0.004317000508308411,-0.4028010070323944,0,0.3248150050640106,0.583503007888794,0.7443249821662903,0,0.2382490038871765,-0.8120989799499512,0.5326650142669678,0,0,13.023898124694824,0,1,-0.9955729842185974,-0.0684410035610199,-0.06442499905824661,0,0.07506900280714035,-0.991441011428833,-0.10681398957967758,0,-0.05656399950385094,-0.11117799580097198,0.9921900033950806,0,-7.271745204925537,-5.322803020477295,6.0429301261901855,1,0.9422810077667236,0.31838399171829224,-0.10362699627876282,0,-0.3348110020160675,0.8986790180206299,-0.28333500027656555,0,0.0029179994016885757,0.3016760051250458,0.9534059762954712,0,0,28.972278594970703,0,1,0.9268280267715454,-0.3438189923763275,0.15092599391937256,0,0.05767900124192238,0.527541995048523,0.8475689888000488,0,-0.37102898955345154,-0.7768449783325195,0.5087720155715942,0,0,18.8565616607666,0,1,0.9251059889793396,-0.005699998699128628,0.3796660006046295,0,-0.30898499488830566,0.5698590278625488,0.7614390254020691,0,-0.22069600224494934,-0.8217229843139648,0.5254189968109131,0,0,12.844009399414062,0,1
K0.100,0.995199978351593,-0.09493400156497955,-0.023747000843286514,0,0.09438399970531464,0.9952629804611206,-0.02331399917602539,0,0.02584799937903881,0.02096099965274334,0.9994459748268127,0,0.775970995426178,60.579612731933594,-1.9312419891357422,1,0.9984319806098938,0.05250199884176254,0.019430000334978104,0,-0.05358799919486046,0.9967340230941772,0.06041000038385391,0,-0.01619499921798706,-0.06135699898004532,0.997983992099762,0,0,9.583415985107422,0.32315799593925476,1,0.994608998298645,0.10347399860620499,-0.006823000032454729,0,-0.1033800020813942,0.9945570230484009,0.012981000356376171,0,0.00812899973243475,-0.0122060002759099,0.999891996383667,0,0,11.187003135681152,0,1,0.9946920275688171,0.10166999697685242,-0.01581599935889244,0,-0.10146000236272812,0.9947469830513,0.013574999757111073,0,0.01711300015449524,-0.011899000033736229,0.9997829794883728,0,0,12.785147666931152,0,1,0.9992719888687134,-0.037762001156806946,0.005491999909281731,0,0.03784099966287613,0.9991710186004639,-0.015033000148832798,0,-0.004920000210404396,0.015230000019073486,0.9998720288276672,0,0,14.383284568786621,0,1,0.9896929860115051,-0.14236100018024445,-0.015525000169873238,0,0.14272400736808777,0.9894319772720337,0.0255769994109869,0,0.011719999834895134,-0.027528999373316765,0.9995520114898682,0,0,11.315444946289062,2.884643077850342,1,0.24599699676036835,0.06137700006365776,-0.96732497215271,0,0.9192489981651306,-0.33123499155044556,0.2127539962530136,0,-0.3073529899120331,-0.9415500164031982,-0.13790400326251984,0,9.220659255981445,11.879112243652344,0.07459300011396408,1,0.9985989928245544,-0.04349900037050247,-0.030122999101877213,0,0.043306998908519745,0.3448779881000519,0.9376479983329773,0,-0.03039800003170967,-0.9376389980316162,0.34627801179885864,0,0,19.382638931274414,0,1,0.9681839942932129,0.2501380145549774,0.007172000128775835,0,-0.25007501244544983,0.9681869745254517,-0.008689000271260738,0,-0.00911800004541874,0.0066189998760819435,0.9999369978904724,0,0,25.99243927001953,0,1,0.9534599781036377,-0.02957499958574772,0.3000670075416565,0,-0.022198999300599098,0.9855920076370239,0.16767700016498566,0,-0.3007029891014099,-0.16653400659561157,0.9390659928321838,0,0,21.082355499267578,0,1,0.7610380053520203,0.5355479717254639,-0.36607199907302856,0,-0.41989099979400635,0.836821973323822,0.3513129949569702,0,0.49448201060295105,-0.11365199834108353,0.8617249727249146,0,-4.542919158935547,6.352151870727539,0,1,0.8113279938697815,-0.5423660278320312,0.21814300119876862,0,0.5025569796562195,0.8377209901809692,0.21368199586868286,0,-0.2986370027065277,-0.06373599916696548,0.952235996723175,0,0.023468000814318657,6.247544765472412,0,1,0.9984859824180603,0.023497000336647034,0.0497330017387867,0,-0.025915000587701797,0.9984840154647827,0.04855800047516823,0,-0.048516999930143356,-0.04977300018072128,0.9975810050964355,0,-0.49257999658584595,6.928124904632568,0,1,0.9987990260124207,-0.04858899861574173,-0.006250999867916107,0,0.04896700009703636,0.986316978931427,0.15742099285125732,0,-0.0014830000000074506,-0.15753799676895142,0.9875119924545288,0,0,13.629870414733887,0.10376700013875961,1,1,0.000615999975707382,0.00021699999342672527,0,-0.000653000024612993,0.9353899955749512,0.35361599922180176,0,0.000014999999621068127,-0.35361599922180176,0.9353910088539124,0,0.0265670008957386,8.824207305908203,0,1,0.9974799752235413,0.07047300040721893,0.008252999745309353,0,-0.07082600146532059,0.9819009900093079,0.17565500736236572,0,0.004275000188499689,-0.1757970005273819,0.9844170212745667,0,-0.12827999889850616,5.965642929077148,0,1,0.07113900035619736,-0.07773099839687347,0.9944329857826233,0,-0.9409340023994446,-0.3360939919948578,0.041039999574422836,0,0.33103299140930176,-0.9386150240898132,-0.09704899787902832,0,-9.220659255981445,11.879775047302246,0.09426800161600113,1,0.9985960125923157,-0.042080000042915344,-0.03217700123786926,0,0.05094999819993973,0.5967299938201904,0.8008229732513428,0,-0.014498000033199787,-0.8013380169868469,0.598035991191864,0,0,19.382638931274414,0,1,0.952489972114563,-0.3045029938220978,-0.0064500002190470695,0,0.30442601442337036,0.9524750113487244,-0.010754999704658985,0,0.009418999776244164,0.00827999971807003,0.9999210238456726,0,0,25.99243927001953,0,1,0.9907979965209961,0.12612000107765198,-0.04912399873137474,0,-0.11379600316286087,0.9727200269699097,0.2021539956331253,0,0.0732790008187294,-0.19470399618148804,0.9781209826469421,0,0,21.079713821411133,0,1,0.7675639986991882,-0.5141839981079102,0.38270100951194763,0,0.39280200004577637,0.8491479754447937,0.35306400060653687,0,-0.5065100193023682,-0.1206739991903305,0.8537480235099792,0,4.885471820831299,6.2330780029296875,0,1,0.8484370112419128,0.47800999879837036,-0.22729000449180603,0,-0.44191500544548035,0.8760780096054077,0.19286899268627167,0,0.2913169860839844,-0.06319399923086166,0.9545369744300842,0,0.11152900010347366,6.334640979766846,0,1,0.9965109825134277,0.06965599954128265,-0.04598600044846535,0,-0.06704699993133545,0.9961749911308289,0.0560309998691082,0,0.049713000655174255,-0.05275199934840202,0.9973689913749695,0,0.1050570011138916,6.742958068847656,0,1,0.9984130263328552,0.05480999872088432,0.012950999662280083,0,-0.05614500120282173,0.9867280125617981,0.1523669958114624,0,-0.0044280001893639565,-0.15285199880599976,0.9882389903068542,0,0,14.070053100585938,0.059053000062704086,1,0.9999110102653503,-0.01270500011742115,-0.004126999992877245,0,0.013344000093638897,0.9351320266723633,0.3540470004081726,0,-0.0006389999762177467,-0.3540709912776947,0.9352179765701294,0,-0.0034940000623464584,8.26400375366211,0,1,0.9988960027694702,-0.046007998287677765,-0.00949000008404255,0,0.04694800078868866,0.9706469774246216,0.2358810007572174,0,-0.0016410000389441848,-0.23606599867343903,0.9717360138893127,0,0.015495000407099724,6.10585880279541,0,1,-0.8879050016403198,-0.2922370135784149,0.35527798533439636,0,0.4217129945755005,-0.8256409764289856,0.3747999966144562,0,0.18380099534988403,0.4826120138168335,0.8563309907913208,0,7.271745204925537,-5.322803020477295,-2.1651880741119385,1,0.8472530245780945,0.2854810059070587,0.447953999042511,0,0.18337500095367432,0.6342679858207703,-0.7510510087013245,0,-0.4985330104827881,0.7184739708900452,0.4850359857082367,0,0,30.27204132080078,0,1,0.7516289949417114,-0.032917000353336334,-0.6587650179862976,0,0.5761489868164062,0.5189819931983948,0.631434977054596,0,0.32110199332237244,-0.8541510105133057,0.4090459942817688,0,0,18.94415283203125,0,1,0.9152820110321045,0.0042779999785125256,-0.40279099345207214,0,0.32481300830841064,0.5835530161857605,0.7442860007286072,0,0.2382339984178543,-0.812063992023468,0.532725989818573,0,0,13.023898124694824,0,1,-0.9955800175666809,-0.06846000254154205,-0.06429500132799149,0,0.07512199878692627,-0.991346001625061,-0.10765299946069717,0,-0.05636899918317795,-0.11200699955224991,0.9921069741249084,0,-7.271745204925537,-5.322803020477295,6.0429301261901855,1,0.9422950148582458,0.31842100620269775,-0.10338599979877472,0,-0.33476901054382324,0.8991400003433228,-0.28191500902175903,0,0.003191000083461404,0.30025801062583923,0.9538530111312866,0,0,28.972278594970703,0,1,0.9269090294837952,-0.3435400128364563,0.1510629951953888,0,0.05763800069689751,0.5280659794807434,0.8472449779510498,0,-0.37083399295806885,-0.7766119837760925,0.5092700123786926,0,0,18.8565616607666,0,1,0.9250969886779785,-0.005787000060081482,0.37968799471855164,0,-0.3089880049228668,0.5697469711303711,0.7615219950675964,0,-0.22073300182819366,-0.8217999935150146,0.5252829790115356,0,0,12.844009399414062,0,1
