3.900,30,117,41
B0,mixamorig_Hips,-1,0.873058021068573,0.15297900140285492,-0.462997168302536,0,-0.24899922311306,0.9562496542930603,-0.15357613563537598,0,0.4192468225955963,0.24936622381210327,0.8729535937309265,0,1.7664707899093628,23.03043556213379,3.826900005340576,1
B1,mixamorig_Spine,0,0.996427059173584,-0.053868260234594345,0.0650535449385643,0,0.04951052740216255,0.9965341091156006,0.06684115529060364,0,-0.06842886656522751,-0.06338128447532654,0.9956402778625488,0,0,10.113643646240234,-0.9541680216789246,1
B2,mixamorig_Spine1,1,0.9926135540008545,-0.09259473532438278,0.07839284092187881,0,0.0632815808057785,0.9464380741119385,0.3166242241859436,0,-0.10351172834634781,-0.3093244731426239,0.9453056454658508,0,0,11.851642608642578,0,1
B3,mixamorig_Spine2,2,0.9926135540008545,-0.09259473532438278,0.07839284092187881,0,0.06328113377094269,0.9464380741119385,0.3166242241859436,0,-0.10351172834634781,-0.3093244731426239,0.9453056454658508,0,0,13.544743537902832,0,1
B4,mixamorig_Neck,3,0.9940395355224609,-0.06508763134479523,-0.08745444566011429,0,0.05902460962533951,0.9957837462425232,-0.07021604478359222,0,0.09165588766336441,0.06463580578565598,0.9936907291412354,0,0,15.237821578979492,-9.999999974752427e-7,1
B5,mixamorig_Head,4,0.9992641806602478,-0.030576739460229874,-0.02315264381468296,0,0.01928568072617054,0.9223896861076355,-0.3857780992984772,0,0.03315158560872078,0.38504740595817566,0.9223006367683411,0,0,10.120964050292969,1.029994010925293,1
B6,mixamorig_HeadTop_End,5,1,0,0,0,0,1,0,0,0,0,1,0,0,66.18297576904297,6.7353291511535645,1
B7,mixamorig_LeftShoulder,3,0.20159906148910522,-0.05825897678732872,-0.9777335524559021,0,0.9045308828353882,-0.3718639612197876,0.2086634337902069,0,-0.37574124336242676,-0.9264574646949768,-0.02227049320936203,0,8.272805213928223,12.69135570526123,-0.27431800961494446,1
B8,mixamorig_LeftArm,7,0.946698009967804,0.2817426919937134,0.15615253150463104,0,-0.31500568985939026,0.708400547504425,0.6316171884536743,0,0.0673343762755394,-0.6471394300460815,0.7593921422958374,0,0,17.21511459350586,0,1
B9,mixamorig_LeftForeArm,8,-0.0432356521487236,0.9919492602348328,0.11902640014886856,0,-0.9929031729698181,-0.055873334407806396,0.10497952997684479,0,0.11078489571809769,-0.11364281922578812,0.9873253107070923,0,0,28.69151496887207,0,1
B10,mixamorig_LeftHand,9,0.16985560953617096,0.22880282998085022,-0.9585391879081726,0,0.5334441661834717,0.796497642993927,0.2846515476703644,0,0.828603982925415,-0.5596768260002136,0.013235178776085377,0,0,21.90403175354004,0,1
B11,mixamorig_LeftHandThumb1,10,0.9594240188598633,0.2553444504737854,-0.11960399895906448,0,-0.24804799258708954,0.9660220146179199,0.07261600345373154,0,0.13408200442790985,-0.0400019995868206,0.9901625514030457,0,-5.506155014038086,6.480903148651123,-0.000003999999989900971,1
B12,mixamorig_LeftHandThumb2,11,0.9922599792480469,-0.12316600233316422,0.015838999301195145,0,0.12299299985170364,0.9923409819602966,0.011477000080049038,0,-0.017131000757217407,-0.009440000168979168,0.9998090267181396,0,-0.5487800240516663,6.7811198234558105,0,1
B13,mixamorig_LeftHandThumb3,12,0.9476609826087952,0.3191879987716675,0.007621999830007553,0,-0.31918299198150635,0.947691023349762,-0.0019394473638385534,0,-0.007841999642550945,-0.0005949999904260039,0.9999690055847168,0,-0.4889790117740631,6.447277069091797,0,1
B14,mixamorig_LeftHandThumb4,13,1,0,0,0,0,1,0,0,0,0,1,0,1.0377600193023682,4.078371047973633,0,1
B15,mixamorig_LeftHandIndex1,10,0.9953500032424927,-0.08884699642658234,-0.03720099851489067,0,0.0947519987821579,0.9725890159606934,0.212349995970726,0,0.017315000295639038,-0.21488800644874573,0.976485013961792,0,0,14.277780532836914,0.11376500129699707,1
B16,mixamorig_LeftHandIndex2,15,0.9962000250816345,0.08498600125312805,0.01903899945318699,0,-0.08486100286245346,0.8980290293693542,0.43167299032211304,0,0.019588999450206757,-0.43164899945259094,0.9018290042877197,0,-0.055247001349925995,7.662528991699219,0,1
B17,mixamorig_LeftHandIndex3,16,0.9999430179595947,0.010688000358641148,0.0005159999709576368,0,-0.010688000358641148,0.9999430179595947,-0.000007000000096013537,0,-0.0005159999709576368,9.999999974752427e-7,1,0,0.009410000406205654,5.924981117248535,0,1
B18,mixamorig_LeftHandIndex4,17,1,0,0,0,0,1,0,0,0,0,1,0,0.045837000012397766,3.7311270236968994,0,1
B19,mixamorig_RightShoulder,3,0.21015959978103638,0.059539321810007095,0.9758522510528564,0,-0.9007061719894409,-0.3763836920261383,0.2169402539730072,0,0.38021090626716614,-0.9245482683181763,-0.02547343261539936,0,-8.272805213928223,12.684983253479004,-0.2067759931087494,1
B20,mixamorig_RightArm,19,0.8578618764877319,-0.4955097734928131,0.13616764545440674,0,0.2633298933506012,0.6514289975166321,0.7115450501441956,0,-0.4412824511528015,-0.5745510458946228,0.6893181204795837,0,0,17.21511459350586,0,1
B21,mixamorig_RightForeArm,20,0.5963553786277771,-0.8016560077667236,-0.04132907837629318,0,0.8013436198234558,0.5915287733078003,0.08912241458892822,0,-0.0469975546002388,-0.0862671285867691,0.9951629042625427,0,0,28.68431282043457,0,1
B22,mixamorig_RightHand,21,0.6452546119689941,-0.16120880842208862,0.7467644810676575,0,0.4580325484275818,0.8639503121376038,-0.20926618576049805,0,-0.6114320755004883,0.4770728349685669,0.6313060522079468,0,0,21.909215927124023,0,1
B23,mixamorig_RightHandThumb1,22,0.9252204895019531,-0.3761986494064331,0.04940054193139076,0,0.29733315110206604,0.7997448444366455,0.5215371251106262,0,-0.23570944368839264,-0.4678487181663513,0.8517966866493225,0,5.703463077545166,6.359836101531982,0,1
B24,mixamorig_RightHandThumb2,23,0.9999188780784607,-0.01208367571234703,0.004019970074295998,0,0.012117228470742702,0.9998893141746521,-0.008613889105618,0,-0.003915864508599043,0.008661442436277866,0.999954879283905,0,0.6315289735794067,6.804890155792236,0,1
B25,mixamorig_RightHandThumb3,24,0.9976530075073242,-0.06437300145626068,-0.023336999118328094,0,0.06433899700641632,0.9979259967803955,-0.0022264474537223577,0,0.023431446403265,0.0007200000109151006,0.9997249841690063,0,-0.20617400109767914,6.707758903503418,0,1
B26,mixamorig_RightHandThumb4,25,1,0,0,0,0,1,0,0,0,0,1,0,-0.42535400390625,4.457824230194092,0,1
B27,mixamorig_RightHandIndex1,22,0.9998762607574463,0.002988967811688781,-0.01543372217565775,0,0.007044675759971142,0.7924844622612,0.6098431348800659,0,0.01405338104814291,-0.6098767518997192,0.7923656702041626,0,0,13.910208702087402,0.06512899696826935,1
B28,mixamorig_RightHandIndex2,27,0.9992832541465759,0.037650905549526215,0.003992053680121899,0,-0.03711579740047455,0.9532939791679382,0.29975321888923645,0,0.0074804723262786865,-0.29968613386154175,0.9540076851844788,0,-0.195250004529953,8.079840660095215,0,1
B29,mixamorig_RightHandIndex3,28,0.997622013092041,-0.06879600137472153,0.004261999856680632,0,0.06879600137472153,0.9976310133934021,0.00009999999747378752,0,-0.0042585525661706924,0.00019344741303939372,0.9999909996986389,0,0.2716130018234253,5.965375900268555,0,1
B30,mixamorig_RightHandIndex4,29,1,0,0,0,0,1,0,0,0,0,1,0,-0.07636299729347229,3.270905017852783,0,1
B31,mixamorig_LeftUpLeg,0,-0.8947044610977173,0.3254074156284332,0.3059633672237396,0,0.32102060317993164,-0.0078100659884512424,0.9470394849777222,0,0.3105633556842804,0.9455403089523315,-0.09747455269098282,0,13.282857894897461,-5.621531963348389,-0.6263840198516846,1
B32,mixamorig_LeftLeg,31,0.9989221096038818,0.03044378012418747,0.03504789620637894,0,0.04519231617450714,-0.810463547706604,-0.5840429067611694,0,0.010624497197568417,0.5849969387054443,-0.8109659552574158,0,0,23.925275802612305,0,1
B33,mixamorig_LeftFoot,32,0.8993814587593079,0.4266917407512665,-0.09511154890060425,0,-0.027613181620836258,0.2725776433944702,0.9617370367050171,0,0.4362905025482178,-0.8623427748680115,0.2569333612918854,0,0,20.898149490356445,0,1
B34,mixamorig_LeftToeBase,33,0.9525910019874573,0.00037200000951997936,-0.30425500869750977,0,0.23512600362300873,0.6337569952011108,0.7369310259819031,0,0.19309799373149872,-0.773531973361969,0.6036234498023987,0,0,12.686128616333008,0,1
B35,mixamorig_LeftToe_End,34,1,0,0,0,0,1,0,0,0,0,1,0,0,5.082200050354004,0,1
B36,mixamorig_RightUpLeg,0,-0.9278316497802734,0.3298933804035187,0.1740649789571762,0,-0.36924153566360474,-0.746269702911377,-0.5538424849510193,0,-0.05280987173318863,-0.578145444393158,0.8142233490943909,0,-13.282857894897461,-5.621531963348389,-0.1040169969201088,1
B37,mixamorig_RightLeg,36,0.6493081450462341,0.20849017798900604,-0.7313900589942932,0,-0.03894050419330597,-0.9513145685195923,-0.3057522177696228,0,-0.7595284581184387,0.22700822353363037,-0.6095772981643677,0,0,23.929092407226562,0,1
B38,mixamorig_RightFoot,37,0.7215951085090637,-0.4737377166748047,-0.5048492550849915,0,-0.3205324709415436,-0.8749645352363586,0.36289921402931213,0,-0.6136446595191956,-0.1000458225607872,-0.7832188606262207,0,0,20.92082405090332,0,1
B39,mixamorig_RightToeBase,38,0.8515040278434753,-0.4148010015487671,0.32075101137161255,0,-0.3243680000305176,0.06391999870538712,0.9437689781188965,0,-0.41197898983955383,-0.9076640009880066,-0.08011999726295471,0,0,12.794429779052734,0,1
B40,mixamorig_RightToe_End,39,1,0,0,0,0,1,0,0,0,0,1,0,0,4.988615036010742,0,1
@34,0,1,2,3,4,5,7,8,9,10,11,12,13,15,16,17,19,20,21,22,23,24,25,27,28,29,31,32,33,34,36,37,38,39
K0.000,0.8743849992752075,0.15463699400424957,-0.45993301272392273,0,-0.2516869902610779,0.9549189805984497,-0.15742599964141846,0,0.4148550033569336,0.2534100115299225,0.8738870024681091,0,1.7459559440612793,23.064529418945312,3.798372983932495,1,0.9963970184326172,-0.053874000906944275,0.06549900025129318,0,0.04946500062942505,0.9965149760246277,0.0671669989824295,0,-0.06888899952173233,-0.06368499994277954,0.9955899715423584,0,0,10.113643646240234,-0.9541680216789246,1,0.992579996585846,-0.09239800274372101,0.07903800159692764,0,0.06282500177621841,0.9462599754333496,0.3172459900379181,0,-0.10410299897193909,-0.30992698669433594,0.9450439810752869,0,0,11.851642608642578,0,1,0.992579996585846,-0.09239800274372101,0.07903800159692764,0,0.06282400339841843,0.9462599754333496,0.3172459900379181,0,-0.10410299897193909,-0.30992698669433594,0.9450439810752869,0,0,13.544743537902832,0,1,0.9940320253372192,-0.06536400318145752,-0.08733300119638443,0,0.059057001024484634,0.995585024356842,-0.07295700162649155,0,0.09171599894762039,0.06736399978399277,0.993503987789154,0,0,15.237821578979492,0,1,0.9993370175361633,-0.02881000004708767,-0.022275999188423157,0,0.017920000478625298,0.9215310215950012,-0.3878900110721588,0,0.03170400112867355,0.38723400235176086,0.9214360117912292,0,0,10.120964050292969,1.029994010925293,1,0.2007019966840744,-0.05824900045990944,-0.9779189825057983,0,0.9040740132331848,-0.37345999479293823,0.2077919989824295,0,-0.37731799483299255,-0.925815999507904,-0.02229199931025505,0,8.272805213928223,12.69135570526123,-0.27431800961494446,1,0.9462829828262329,0.28276899456977844,0.15681199729442596,0,-0.31619301438331604,0.7078660130500793,0.6316230297088623,0,0.0676020011305809,-0.6472769975662231,0.7592520117759705,0,0,17.21511459350586,0,1,-0.03834399953484535,0.992214024066925,0.11849500238895416,0,-0.9931610226631165,-0.050926998257637024,0.10505899786949158,0,0.110275998711586,-0.11365599930286407,0.9873809814453125,0,0,28.69151496887207,0,1,0.17064900696277618,0.22982299327850342,-0.9581549763679504,0,0.5313670039176941,0.797435998916626,0.2859100103378296,0,0.8297759890556335,-0.5579220056533813,0.01396199967712164,0,0,21.90403175354004,0,1,0.9594240188598633,0.2553440034389496,-0.11960399895906448,0,-0.24804799258708954,0.9660220146179199,0.07261600345373154,0,0.13408200442790985,-0.0400019995868206,0.9901630282402039,0,-5.506155014038086,6.480903148651123,-0.000003999999989900971,1,0.9922599792480469,-0.12316499650478363,0.015838000923395157,0,0.12299200147390366,0.9923409819602966,0.011477000080049038,0,-0.017131000757217407,-0.009440000168979168,0.9998090267181396,0,-0.5487800240516663,6.7811198234558105,0,1,0.9476609826087952,0.3191879987716675,0.007621999830007553,0,-0.31918299198150635,0.947691023349762,-0.0019399999873712659,0,-0.007841999642550945,-0.0005949999904260039,0.9999690055847168,0,-0.4889790117740631,6.447277069091797,0,1,0.9953500032424927,-0.08884699642658234,-0.03720099851489067,0,0.0947519987821579,0.9725890159606934,0.212349995970726,0,0.017315000295639038,-0.21488800644874573,0.976485013961792,0,0,14.277780532836914,0.11376500129699707,1,0.9962000250816345,0.08498600125312805,0.01903899945318699,0,-0.08486100286245346,0.8980290293693542,0.43167299032211304,0,0.01958799920976162,-0.43164899945259094,0.9018290042877197,0,-0.055247001349925995,7.662528991699219,0,1,0.9999430179595947,0.010688000358641148,0.0005159999709576368,0,-0.010688000358641148,0.9999430179595947,-0.000007000000096013537,0,-0.0005159999709576368,0,1,0,0.009410000406205654,5.924981117248535,0,1,0.20844799280166626,0.058820001780986786,0.9762629866600037,0,-0.9032319784164429,-0.37128201127052307,0.2152239978313446,0,0.37512901425361633,-0.9266549944877625,-0.024265000596642494,0,-8.272805213928223,12.684983253479004,-0.2067759931087494,1,0.8547359704971313,-0.503711998462677,0.1253020018339157,0,0.2723119854927063,0.6406649947166443,0.7179099917411804,0,-0.441895991563797,-0.5795019865036011,0.6847659945487976,0,0,17.21511459350586,0,1,0.6052690148353577,-0.7950000166893005,-0.04029599949717522,0,0.7946820259094238,0.6005420088768005,0.08848199993371964,0,-0.04614400118589401,-0.08557800203561783,0.9952620267868042,0,0,28.68431282043457,0,1,0.6381250023841858,-0.16350099444389343,0.7523720264434814,0,0.4617699980735779,0.8632069826126099,-0.20406299829483032,0,-0.6160889863967896,0.4776409864425659,0.626334011554718,0,0,21.909215927124023,0,1,0.9221770167350769,-0.38415199518203735,0.04490699991583824,0,0.3086329996585846,0.8008769750595093,0.51316899061203,0,-0.23309999704360962,-0.45937201380729675,0.8571119904518127,0,5.703463077545166,6.359836101531982,0,1,0.9999989867210388,-0.0006169999833218753,-0.001256000017747283,0,0.0006140000186860561,0.9999979734420776,-0.001664999988861382,0,0.0012570000253617764,0.0016639999812468886,0.9999979734420776,0,0.6315289735794067,6.804890155792236,0,1,0.9976530075073242,-0.06437300145626068,-0.023336999118328094,0,0.06433899700641632,0.9979259967803955,-0.0022269999608397484,0,0.02343199960887432,0.0007200000109151006,0.9997249841690063,0,-0.20617400109767914,6.707758903503418,0,1,0.9998549818992615,-0.0005649999948218465,-0.01701200008392334,0,0.011142999865114689,0.7772020101547241,0.6291519999504089,0,0.012865999713540077,-0.6292499899864197,0.7770959734916687,0,0,13.910208702087402,0.06512899696826935,1,0.9993000030517578,0.037195999175310135,0.004046999849379063,0,-0.036674000322818756,0.9523069858551025,0.30292999744415283,0,0.007414000108838081,-0.30286601185798645,0.953004002571106,0,-0.195250004529953,8.079840660095215,0,1,0.997622013092041,-0.06879600137472153,0.004261999856680632,0,0.06879600137472153,0.9976310133934021,0.00009999999747378752,0,-0.004259000066667795,0.00019299999985378236,0.9999909996986389,0,0.2716130018234253,5.965375900268555,0,1,-0.8958209753036499,0.32144999504089355,0.30687999725341797,0,0.31924501061439514,-0.014929000288248062,0.9475550055503845,0,0.30917298793792725,0.9468089938163757,-0.08924800157546997,0,13.282857894897461,-5.621531963348389,-0.6263840198516846,1,0.9988999962806702,0.029277000576257706,0.03662699833512306,0,0.04517899826169014,-0.8100339770317078,-0.5846390128135681,0,0.012552999891340733,0.5856509804725647,-0.8104659914970398,0,0,23.925275802612305,0,1,0.9012449979782104,0.4231419861316681,-0.0933229997754097,0,-0.026309000328183174,0.2684110105037689,0.9629449844360352,0,0.43251100182533264,-0.8653939962387085,0.2530370056629181,0,0,20.898149490356445,0,1,0.9525910019874573,0.000371000001905486,-0.30425500869750977,0,0.23512700200080872,0.6337569952011108,0.7369310259819031,0,0.19309699535369873,-0.773531973361969,0.6036239862442017,0,0,12.686128616333008,0,1,-0.9262650012969971,0.331836998462677,0.1786540001630783,0,-0.37341099977493286,-0.7439820170402527,-0.5541260242462158,0,-0.050964999943971634,-0.5799790024757385,0.8130360245704651,0,-13.282857894897461,-5.621531963348389,-0.1040169969201088,1,0.6477349996566772,0.20749899744987488,-0.7330650091171265,0,-0.03866500034928322,-0.952003002166748,-0.30363601446151733,0,-0.7608839869499207,0.22502000629901886,-0.6086230278015137,0,0,23.929092407226562,0,1,0.71943598985672,-0.47526198625564575,-0.506496012210846,0,-0.3205449879169464,-0.8741229772567749,0.3649109899997711,0,-0.6161680221557617,-0.10017599910497665,-0.7812179923057556,0,0,20.92082405090332,0,1,0.8515040278434753,-0.41480201482772827,0.32075101137161255,0,-0.3243680000305176,0.06391900032758713,0.9437689781188965,0,-0.41197898983955383,-0.9076640009880066,-0.0801210030913353,0,0,12.794429779052734,0,1
K0.033,0.8745390176773071,0.15483500063419342,-0.45957401394844055,0,-0.25201499462127686,0.9547539949417114,-0.15790100395679474,0,0.41433200240135193,0.25391000509262085,0.873989999294281,0,1.743764042854309,23.06622314453125,3.7941839694976807,1,0.9963939785957336,-0.05390699952840805,0.06552500277757645,0,0.049497999250888824,0.9965140223503113,0.06714800000190735,0,-0.06891600042581558,-0.06366299837827682,0.995589017868042,0,0,10.113643646240234,-0.9541680216789246,1,0.9925780296325684,-0.09240599721670151,0.07905499637126923,0,0.06283000111579895,0.9462710022926331,0.31721100211143494,0,-0.10412000119686127,-0.3098889887332916,0.9450539946556091,0,0,11.851642608642578,0,1,0.9925780296325684,-0.09240599721670151,0.07905499637126923,0,0.06283000111579895,0.9462710022926331,0.31721100211143494,0,-0.10412000119686127,-0.3098889887332916,0.9450539946556091,0,0,13.544743537902832,0,1,0.9940630197525024,-0.06487599015235901,-0.08735200017690659,0,0.058567993342876434,0.9956160187721252,-0.07293300330638885,0,0.0917000025510788,0.06738399714231491,0.993503987789154,0,0,15.237821578979492,0,1,0.9993249773979187,-0.028977999463677406,-0.02257600985467434,0,0.01798899658024311,0.9218900203704834,-0.38703298568725586,0,0.03202800825238228,0.38636600971221924,0.9217889904975891,0,0,10.120964050292969,1.029994010925293,1,0.20082400739192963,-0.05827999860048294,-0.9778919816017151,0,0.904295027256012,-0.3728469908237457,0.20793099701404572,0,-0.3767220079898834,-0.9260609745979309,-0.02217399701476097,0,8.272805213928223,12.69135570526123,-0.27431800961494446,1,0.9465109705924988,0.28214699029922485,0.15655900537967682,0,-0.3154830038547516,0.7073389887809753,0.6325669884681702,0,0.06773599982261658,-0.648123025894165,0.7585170269012451,0,0,17.21511459350586,0,1,-0.038068000227212906,0.9922299981117249,0.11844799667596817,0,-0.9931750297546387,-0.05064599961042404,0.10506799817085266,0,0.11025000363588333,-0.11364000290632248,0.9873859882354736,0,0,28.69151496887207,0,1,0.16913597285747528,0.2287839949131012,-0.9586719870567322,0,0.5290650129318237,0.799589991569519,0.2841609716415405,0,0.8315550088882446,-0.555260956287384,0.014197994023561478,0,0,21.90403175354004,0,1,0.9594240188598633,0.2553440034389496,-0.11960399895906448,0,-0.24804799258708954,0.9660220146179199,0.07261499762535095,0,0.13408200442790985,-0.040001001209020615,0.9901630282402039,0,-5.506155014038086,6.480903148651123,-0.000003999999989900971,1,0.9922599792480469,-0.12316600233316422,0.015838999301195145,0,0.12299200147390366,0.9923409819602966,0.011477000080049038,0,-0.017131000757217407,-0.009440000168979168,0.9998090267181396,0,-0.5487800240516663,6.7811198234558105,0,1,0.9476609826087952,0.3191879987716675,0.007621999830007553,0,-0.31918299198150635,0.947691023349762,-0.0019399999873712659,0,-0.007842999882996082,-0.0005949999904260039,0.9999690055847168,0,-0.4889790117740631,6.447277069091797,0,1,0.9953500032424927,-0.08884699642658234,-0.03720099851489067,0,0.0947519987821579,0.9725890159606934,0.212349995970726,0,0.017315000295639038,-0.21488699316978455,0.976485013961792,0,0,14.277780532836914,0.11376500129699707,1,0.9962000250816345,0.08498600125312805,0.01903899945318699,0,-0.08486100286245346,0.8980299830436707,0.43167299032211304,0,0.019588999450206757,-0.43164899945259094,0.9018290042877197,0,-0.055247001349925995,7.662528991699219,0,1,0.9999430179595947,0.010688000358641148,0.0005159999709576368,0,-0.010688000358641148,0.9999430179595947,-0.000007000000096013537,0,-0.0005159999709576368,0,1,0,0.009410000406205654,5.924981117248535,0,1,0.20844100415706635,0.05888200178742409,0.9762610197067261,0,-0.9029470086097717,-0.37197598814964294,0.21522299945354462,0,0.37581801414489746,-0.9263730049133301,-0.024368001148104668,0,-8.272805213928223,12.684983253479004,-0.2067759931087494,1,0.8547459840774536,-0.503445029258728,0.12630201876163483,0,0.27189600467681885,0.6415669918060303,0.7172620296478271,0,-0.44213300943374634,-0.5787360072135925,0.6852620244026184,0,0,17.21511459350586,0,1,0.604682981967926,-0.7954429984092712,-0.04036400094628334,0,0.7951250076293945,0.5999500155448914,0.08852200210094452,0,-0.04619799926877022,-0.08562199771404266,0.9952560067176819,0,0,28.68431282043457,0,1,0.6385589838027954,-0.16323399543762207,0.7520620226860046,0,0.46171000599861145,0.8630890250205994,-0.20469500124454498,0,-0.6156830191612244,0.4779449999332428,0.6265010237693787,0,0,21.909215927124023,0,1,0.9221739768981934,-0.38416099548339844,0.044902000576257706,0,0.30864399671554565,0.8008760213851929,0.5131639838218689,0,-0.23309800028800964,-0.4593670070171356,0.8571159839630127,0,5.703463077545166,6.359836101531982,0,1,0.9999989867210388,-0.0005859994562342763,-0.0012630000710487366,0,0.0005839994992129505,0.9999979734420776,-0.0016529997810721397,0,0.00126400007866323,0.0016519997734576464,0.9999979734420776,0,0.6315289735794067,6.804890155792236,0,1,0.9976530075073242,-0.06437399983406067,-0.023336000740528107,0,0.06433899700641632,0.9979259967803955,-0.002225999953225255,0,0.023430999368429184,0.0007190000033006072,0.9997249841690063,0,-0.20617400109767914,6.707758903503418,0,1,0.9998549818992615,-0.0005629999213851988,-0.01700899936258793,0,0.01114100031554699,0.7771999835968018,0.6291549801826477,0,0.012865000404417515,-0.6292539834976196,0.7770929932594299,0,0,13.910208702087402,0.06512899696826935,1,0.9993000030517578,0.037195999175310135,0.004046999849379063,0,-0.036674000322818756,0.9523059725761414,0.302933007478714,0,0.007414000108838081,-0.3028700053691864,0.9530029892921448,0,-0.195250004529953,8.079840660095215,0,1,0.997622013092041,-0.06879600137472153,0.004261999856680632,0,0.06879699975252151,0.9976310133934021,0.00009999999747378752,0,-0.004259000066667795,0.00019299999985378236,0.9999909996986389,0,0.2716130018234253,5.965375900268555,0,1,-0.8958190083503723,0.32118499279022217,0.30716100335121155,0,0.3191649913787842,-0.01600600965321064,0.9475640058517456,0,0.3092600107192993,0.9468809962272644,-0.08817199617624283,0,13.282857894897461,-5.621531963348389,-0.6263840198516846,1,0.998898983001709,0.02920600026845932,0.036701999604701996,0,0.045162998139858246,-0.8101459741592407,-0.5844860076904297,0,0.012664000503718853,0.5855000019073486,-0.8105739951133728,0,0,23.925275802612305,0,1,0.9014779925346375,0.42279401421546936,-0.09264899045228958,0,-0.02642900124192238,0.267426997423172,0.9632160067558289,0,0.4320180118083954,-0.8658689856529236,0.252252995967865,0,0,20.898149490356445,0,1,0.9525920152664185,0.00036999996518716216,-0.30425000190734863,0,0.23512500524520874,0.6337550282478333,0.7369340062141418,0,0.19309300184249878,-0.7735339999198914,0.6036229729652405,0,0,12.686128616333008,0,1,-0.9258279800415039,0.3326770067214966,0.17935599386692047,0,-0.3744730055332184,-0.7432739734649658,-0.5543590188026428,0,-0.05111199989914894,-0.5804049968719482,0.8127220273017883,0,-13.282857894897461,-5.621531963348389,-0.1040169969201088,1,0.6468650102615356,0.20754900574684143,-0.733817994594574,0,-0.03863200172781944,-0.9520990252494812,-0.30334100127220154,0,-0.7616249918937683,0.22457000613212585,-0.6078609824180603,0,0,23.929092407226562,0,1,0.7183539867401123,-0.4761190116405487,-0.5072259902954102,0,-0.32087498903274536,-0.8736860156059265,0.3656669855117798,0,-0.6172569990158081,-0.09992200136184692,-0.7803900241851807,0,0,20.92082405090332,0,1,0.8515250086784363,-0.4147320091724396,0.32078298926353455,0,-0.3243429958820343,0.06404100358486176,0.9437689781188965,0,-0.41195499897003174,-0.9076870083808899,-0.07998300343751907,0,0,12.794429779052734,0,1
K0.067,0.874671995639801,0.1549929976463318,-0.4592669904232025,0,-0.2522909939289093,0.9546110033988953,-0.15832699835300446,0,0.41388100385665894,0.25435400009155273,0.8740749955177307,0,1.741778016090393,23.067337036132812,3.7900030612945557,1,0.9963909983634949,-0.05390999838709831,0.06556399911642075,0,0.0494999997317791,0.9965159893035889,0.06712400168180466,0,-0.06895499676465988,-0.06363700330257416,0.9955880045890808,0,0,10.113643646240234,-0.9541680216789246,1,0.9925789833068848,-0.09235599637031555,0.07910799980163574,0,0.06277099996805191,0.9462910294532776,0.31716498732566833,0,-0.10415100306272507,-0.3098450005054474,0.9450650215148926,0,0,11.851642608642578,0,1,0.9925789833068848,-0.09235599637031555,0.07910799980163574,0,0.06277099996805191,0.9462910294532776,0.31716498732566833,0,-0.10415100306272507,-0.3098450005054474,0.9450650215148926,0,0,13.544743537902832,0,1,0.9941040277481079,-0.06413200497627258,-0.0874290019273758,0,0.05783400684595108,0.9956709742546082,-0.0727669969201088,0,0.09171699732542038,0.06728199869394302,0.9935100078582764,0,0,15.237821578979492,0,1,0.9993060231208801,-0.028978999704122543,-0.023414991796016693,0,0.01766900345683098,0.9219340085983276,-0.3869430124759674,0,0.03280099108815193,0.3862600028514862,0.9218059778213501,0,0,10.120964050292969,1.029994010925293,1,0.20094700157642365,-0.058348000049591064,-0.9778630137443542,0,0.9047579765319824,-0.371628999710083,0.20809899270534515,0,-0.375544011592865,-0.9265459775924683,-0.021887004375457764,0,8.272805213928223,12.69135570526123,-0.27431800961494446,1,0.9468179941177368,0.28126999735832214,0.15627999603748322,0,-0.3144949972629547,0.7062299847602844,0.6342960000038147,0,0.06803900003433228,-0.6497120261192322,0.7571290135383606,0,0,17.21511459350586,0,1,-0.037973999977111816,0.9922379851341248,0.1184149980545044,0,-0.9931790232658386,-0.05054999887943268,0.1050729975104332,0,0.11024300009012222,-0.11361800134181976,0.9873890280723572,0,0,28.69151496887207,0,1,0.16666802763938904,0.22809100151062012,-0.9592689871788025,0,0.5263820290565491,0.8020619750022888,0.2821670174598694,0,0.8337529897689819,-0.5519700646400452,0.013615005649626255,0,0,21.90403175354004,0,1,0.9594240188598633,0.2553440034389496,-0.11960399895906448,0,-0.24804799258708954,0.9660220146179199,0.07261600345373154,0,0.13408200442790985,-0.0400019995868206,0.9901630282402039,0,-5.506155014038086,6.480903148651123,-0.000003999999989900971,1,0.9922599792480469,-0.12316600233316422,0.015838999301195145,0,0.12299299985170364,0.9923409819602966,0.011477000080049038,0,-0.017131000757217407,-0.009440000168979168,0.9998090267181396,0,-0.5487800240516663,6.7811198234558105,0,1,0.9476609826087952,0.3191879987716675,0.007621000055223703,0,-0.31918299198150635,0.947691023349762,-0.0019389999797567725,0,-0.007841999642550945,-0.0005949999904260039,0.9999690055847168,0,-0.4889790117740631,6.447277069091797,0,1,0.9953500032424927,-0.08884699642658234,-0.03720099851489067,0,0.0947519987821579,0.9725890159606934,0.212349995970726,0,0.017315000295639038,-0.21488800644874573,0.976485013961792,0,0,14.277780532836914,0.11376500129699707,1,0.9962000250816345,0.08498600125312805,0.01903899945318699,0,-0.08486100286245346,0.8980290293693542,0.43167299032211304,0,0.01958799920976162,-0.43164899945259094,0.9018290042877197,0,-0.055247001349925995,7.662528991699219,0,1,0.9999430179595947,0.010688000358641148,0.0005159999709576368,0,-0.010688000358641148,0.9999430179595947,-0.000007000000096013537,0,-0.0005159999709576368,0,1,0,0.009410000406205654,5.924981117248535,0,1,0.20854100584983826,0.059004999697208405,0.9762319922447205,0,-0.9024140238761902,-0.3732059895992279,0.21532900631427765,0,0.3770410120487213,-0.9258700013160706,-0.024581998586654663,0,-8.272805213928223,12.684983253479004,-0.2067759931087494,1,0.8548719882965088,-0.5028740167617798,0.12771598994731903,0,0.2712549865245819,0.6430220007896423,0.7161999940872192,0,-0.4422819912433624,-0.5776159763336182,0.6861090064048767,0,0,17.21511459350586,0,1,0.603751003742218,-0.7961450219154358,-0.04047499969601631,0,0.7958279848098755,0.5990080237388611,0.08858200162649155,0,-0.046278998255729675,-0.08569300174713135,0.9952459931373596,0,0,28.68431282043457,0,1,0.6389139890670776,-0.16283999383449554,0.7518460154533386,0,0.46155598759651184,0.8630269765853882,-0.2053070068359375,0,-0.615431010723114,0.4781930148601532,0.6265590190887451,0,0,21.909215927124023,0,1,0.922169029712677,-0.3841739892959595,0.04489300027489662,0,0.3086619973182678,0.8008739948272705,0.5131549835205078,0,-0.23309500515460968,-0.45935899019241333,0.8571209907531738,0,5.703463077545166,6.359836101531982,0,1,0.9999989867210388,-0.0005360005307011306,-0.0012729999143630266,0,0.0005340005154721439,0.9999989867210388,-0.001632000203244388,0,0.00127399992197752,0.0016310001956298947,0.9999979734420776,0,0.6315289735794067,6.804890155792236,0,1,0.9976530075073242,-0.06437399983406067,-0.023336999118328094,0,0.06433899700641632,0.9979259967803955,-0.0022269999608397484,0,0.023430999368429184,0.0007200000109151006,0.9997249841690063,0,-0.20617400109767914,6.707758903503418,0,1,0.9998549818992615,-0.0005590000655502081,-0.01700500026345253,0,0.011134999804198742,0.7771949768066406,0.62916100025177,0,0.012864000163972378,-0.6292589902877808,0.77708899974823,0,0,13.910208702087402,0.06512899696826935,1,0.9993000030517578,0.03719500079751015,0.004046999849379063,0,-0.03667299821972847,0.9523040056228638,0.3029380142688751,0,0.007414000108838081,-0.30287501215934753,0.9530019760131836,0,-0.195250004529953,8.079840660095215,0,1,0.997622013092041,-0.06879600137472153,0.004261999856680632,0,0.06879699975252151,0.9976310133934021,0.00009999999747378752,0,-0.004259000066667795,0.00019299999985378236,0.9999909996986389,0,0.2716130018234253,5.965375900268555,0,1,-0.8958290219306946,0.3209669888019562,0.3073599934577942,0,0.3190230131149292,-0.017018990591168404,0.9475939869880676,0,0.3093770146369934,0.9469379782676697,-0.08715000748634338,0,13.282857894897461,-5.621531963348389,-0.6263840198516846,1,0.9988999962806702,0.029160000383853912,0.03673499822616577,0,0.04513999819755554,-0.8103349804878235,-0.5842249989509583,0,0.012731999158859253,0.5852400064468384,-0.8107600212097168,0,0,23.925275802612305,0,1,0.9017289876937866,0.4224439859390259,-0.09179500490427017,0,-0.026593998074531555,0.2661460041999817,0.96356600522995,0,0.43148401379585266,-0.8664339780807495,0.251226007938385,0,0,20.898149490356445,0,1,0.9525949954986572,0.0003670000296551734,-0.30424201488494873,0,0.2351209968328476,0.6337519884109497,0.7369369864463806,0,0.1930840015411377,-0.7735360264778137,0.6036229729652405,0,0,12.686128616333008,0,1,-0.9254630208015442,0.3333609998226166,0.17996999621391296,0,-0.3753589987754822,-0.742654025554657,-0.5545910000801086,0,-0.0512240007519722,-0.5808069705963135,0.8124279975891113,0,-13.282857894897461,-5.621531963348389,-0.1040169969201088,1,0.6461099982261658,0.20757800340652466,-0.7344750165939331,0,-0.038600001484155655,-0.9521880149841309,-0.3030639886856079,0,-0.762266993522644,0.2241629958152771,-0.6072059869766235,0,0,23.929092407226562,0,1,0.7174190282821655,-0.476841002702713,-0.5078709721565247,0,-0.32117798924446106,-0.8733230233192444,0.36626800894737244,0,-0.6181859970092773,-0.09965100139379501,-0.7796890139579773,0,0,20.92082405090332,0,1,0.8515030145645142,-0.41480499505996704,0.3207490146160126,0,-0.32436901330947876,0.0639130026102066,0.9437689781188965,0,-0.411980003118515,-0.9076629877090454,-0.08012799918651581,0,0,12.794429779052734,0,1
K0.100,0.8747619986534119,0.155117005109787,-0.45905399322509766,0,-0.2525160014629364,0.9544960260391235,-0.1586579978466034,0,0.41355499625205994,0.2547059953212738,0.8741260170936584,0,1.7407779693603516,23.06743621826172,3.7863359451293945,1,0.9963899850845337,-0.05390100181102753,0.06559199839830399,0,0.04948899894952774,0.99651700258255,0.06711799651384354,0,-0.06898099929094315,-0.06362999975681305,0.9955869913101196,0,0,10.113643646240234,-0.9541680216789246,1,0.9925810098648071,-0.09229300171136856,0.07915099710226059,0,0.06269899755716324,0.9462990164756775,0.3171530067920685,0,-0.1041719987988472,-0.3098379969596863,0.945065975189209,0,0,11.851642608642578,0,1,0.9925810098648071,-0.09229300171136856,0.07915099710226059,0,0.06269899755716324,0.9462990164756775,0.3171530067920685,0,-0.1041719987988472,-0.3098370134830475,0.945065975189209,0,0,13.544743537902832,0,1,0.9941490292549133,-0.06331799924373627,-0.08751700073480606,0,0.0570559985935688,0.9957500100135803,-0.07229399681091309,0,0.09172199666500092,0.06687799841165543,0.9935359954833984,0,0,15.237821578979492,0,1,0.9992870092391968,-0.0287919994443655,-0.0244159996509552,0,0.017086999490857124,0.9216949939727783,-0.38753798604011536,0,0.03366199880838394,0.3868449926376343,0.92153000831604,0,0,10.120964050292969,1.029994010925293,1,0.20135900378227234,-0.058403000235557556,-0.977774977684021,0,0.9051719903945923,-0.3703770041465759,0.20853100717067719,0,-0.3743239939212799,-0.9270439743995667,-0.021714000031352043,0,8.272805213928223,12.69135570526123,-0.27431800961494446,1,0.9471700191497803,0.2800869941711426,0.15627199411392212,0,-0.31344398856163025,0.7050589919090271,0.6361169815063477,0,0.06798700243234634,-0.6514930129051208,0.7556020021438599,0,0,17.21511459350586,0,1,-0.038019999861717224,0.9922369718551636,0.11840800195932388,0,-0.9931759834289551,-0.0505950003862381,0.10507699847221375,0,0.1102520003914833,-0.11360500007867813,0.9873899817466736,0,0,28.69151496887207,0,1,0.16552700102329254,0.22861100733280182,-0.9593420028686523,0,0.5254920125007629,0.802718997001648,0.2819570004940033,0,0.8345410227775574,-0.5507979989051819,0.0127379996702075,0,0,21.90403175354004,0,1,0.9594240188598633,0.2553440034389496,-0.11960399895906448,0,-0.24804799258708954,0.9660220146179199,0.07261600345373154,0,0.13408200442790985,-0.0400019995868206,0.9901630282402039,0,-5.506155014038086,6.480903148651123,-0.000003999999989900971,1,0.9922599792480469,-0.12316600233316422,0.015838999301195145,0,0.12299299985170364,0.9923409819602966,0.011477000080049038,0,-0.017131000757217407,-0.009440000168979168,0.9998090267181396,0,-0.5487800240516663,6.7811198234558105,0,1,0.9476609826087952,0.3191879987716675,0.007621999830007553,0,-0.31918299198150635,0.947691023349762,-0.0019399999873712659,0,-0.007841999642550945,-0.0005949999904260039,0.9999690055847168,0,-0.4889790117740631,6.447277069091797,0,1,0.9953500032424927,-0.08884599804878235,-0.03720099851489067,0,0.09475100040435791,0.9725890159606934,0.212349995970726,0,0.017315000295639038,-0.21488800644874573,0.976485013961792,0,0,14.277780532836914,0.11376500129699707,1,0.9962000250816345,0.08498600125312805,0.01903899945318699,0,-0.08486100286245346,0.8980290293693542,0.43167299032211304,0,0.01958799920976162,-0.43164899945259094,0.9018290042877197,0,-0.055247001349925995,7.662528991699219,0,1,0.9999430179595947,0.010688000358641148,0.0005159999709576368,0,-0.010688000358641148,0.9999430179595947,-0.000007000000096013537,0,-0.0005159999709576368,0,1,0,0.009410000406205654,5.924981117248535,0,1,0.20879100263118744,0.05918100103735924,0.9761679768562317,0,-0.9016780257225037,-0.3748350143432617,0.21558299660682678,0,0.3786599934101105,-0.9252009987831116,-0.024900000542402267,0,-8.272805213928223,12.684983253479004,-0.2067759931087494,1,0.8551269769668579,-0.5020869970321655,0.12909899652004242,0,0.2705180048942566,0.6445919871330261,0.7150670289993286,0,-0.4422430098056793,-0.5765489935874939,0.6870309710502625,0,0,17.21511459350586,0,1,0.6027389764785767,-0.796904981136322,-0.04059600085020065,0,0.7965909838676453,0.597985029220581,0.08864399790763855,0,-0.04636500030755997,-0.08576700091362,0.9952359795570374,0,0,28.68431282043457,0,1,0.6391159892082214,-0.16241499781608582,0.75176602602005,0,0.4613969922065735,0.8629909753799438,-0.20581400394439697,0,-0.615339994430542,0.4784019887447357,0.626488983631134,0,0,21.909215927124023,0,1,0.9221749901771545,-0.3841579854488373,0.044902998954057693,0,0.3086409866809845,0.8008760213851929,0.5131639838218689,0,-0.23309800028800964,-0.4593679904937744,0.8571149706840515,0,5.703463077545166,6.359836101531982,0,1,0.9999989867210388,-0.0005910000181756914,-0.0012610000558197498,0,0.0005890000029467046,0.9999979734420776,-0.0016540000215172768,0,0.0012619999470189214,0.0016530000139027834,0.9999979734420776,0,0.6315289735794067,6.804890155792236,0,1,0.9976530075073242,-0.06437300145626068,-0.023336999118328094,0,0.06433899700641632,0.9979259967803955,-0.0022269999608397484,0,0.023430999368429184,0.0007200000109151006,0.9997249841690063,0,-0.20617400109767914,6.707758903503418,0,1,0.9998549818992615,-0.0005629999795928597,-0.01700899936258793,0,0.01114100031554699,0.7771999835968018,0.6291549801826477,0,0.012865999713540077,-0.6292529702186584,0.7770940065383911,0,0,13.910208702087402,0.06512899696826935,1,0.9993000030517578,0.037195999175310135,0.004046999849379063,0,-0.03667299821972847,0.9523059725761414,0.3029319941997528,0,0.007414000108838081,-0.3028689920902252,0.9530029892921448,0,-0.195250004529953,8.079840660095215,0,1,0.997622013092041,-0.06879600137472153,0.004261999856680632,0,0.06879600137472153,0.9976310133934021,0.00009999999747378752,0,-0.004259000066667795,0.0001939999929163605,0.9999909996986389,0,0.2716130018234253,5.965375900268555,0,1,-0.8958470225334167,0.32077300548553467,0.30751100182533264,0,0.31891998648643494,-0.01776600070297718,0.9476150274276733,0,0.3094319999217987,0.9469900131225586,-0.08638499677181244,0,13.282857894897461,-5.621531963348389,-0.6263840198516846,1,0.998898983001709,0.029116999357938766,0.03677000105381012,0,0.04512299969792366,-0.8104959726333618,-0.5840039849281311,0,0.012796999886631966,0.5850200057029724,-0.8109179735183716,0,0,23.925275802612305,0,1,0.9019050002098083,0.4221949875354767,-0.09120800346136093,0,-0.026662999764084816,0.26517900824546814,0.9638310074806213,0,0.43111100792884827,-0.8668519854545593,0.25042301416397095,0,0,20.898149490356445,0,1,0.952597975730896,0.00036299999919719994,-0.30423301458358765,0,0.23511700332164764,0.6337479948997498,0.7369419932365417,0,0.19307400286197662,-0.7735390067100525,0.6036220192909241,0,0,12.686128616333008,0,1,-0.9250980019569397,0.33406201004981995,0.1805420070886612,0,-0.3762359917163849,-0.7420309782028198,-0.554830014705658,0,-0.05138000100851059,-0.5811989903450012,0.812138020992279,0,-13.282857894897461,-5.621531963348389,-0.1040169969201088,1,0.6452620029449463,0.20767900347709656,-0.7351920008659363,0,-0.03857700154185295,-0.9522560238838196,-0.3028540015220642,0,-0.7629870176315308,0.22378100454807281,-0.6064429879188538,0,0,23.929092407226562,0,1,0.7164520025253296,-0.4776029884815216,-0.5085189938545227,0,-0.32149600982666016,-0.8729360103607178,0.366908997297287,0,-0.6191409826278687,-0.09938599914312363,-0.7789649963378906,0,0,20.92082405090332,0,1,0.8514419794082642,-0.4150010049343109,0.3206560015678406,0,-0.32444098591804504,0.06356900185346603,0.9437670111656189,0,-0.41204801201820374,-0.907597005367279,-0.08051799982786179,0,0,12.794429779052734,0,1
