7.967,30,239,41
B0,mixamorig_Hips,-1,0.9857223629951477,-0.12295301258563995,0.11503792554140091,0,0.11310829967260361,0.9896302223205566,0.0885319858789444,0,-0.12473011761903763,-0.07425612211227417,0.9894084334373474,0,2.8451449871063232,39.99179458618164,-1.1772117614746094,1
B1,mixamorig_Spine,0,0.9967696070671082,0.06119586154818535,-0.05201716348528862,0,-0.04637623205780983,0.9673078060150146,0.2493283599615097,0,0.06557448953390121,-0.2461102455854416,0.9670212864875793,0,0,9.430580139160156,0.33827701210975647,1
B2,mixamorig_Spine1,1,0.9988164305686951,-0.006929084192961454,0.048145703971385956,0,-0.010034886188805103,0.9391583204269409,0.3433375656604767,0,-0.04759511351585388,-0.3434143662452698,0.9379767179489136,0,0,11.009410858154297,0,1
B3,mixamorig_Spine2,2,0.9988164305686951,-0.006929084192961454,0.048145703971385956,0,-0.010034886188805103,0.9391583204269409,0.3433375656604767,0,-0.04759511351585388,-0.3434143662452698,0.9379767179489136,0,0,12.582183837890625,0,1
B4,mixamorig_Neck,3,0.9868123531341553,-0.06734935194253922,-0.14718618988990784,0,0.040240369737148285,0.9828462600708008,-0.17996090650558472,0,0.15678004920482635,0.17166459560394287,0.9725958704948425,0,0,14.154956817626953,0,1
B5,mixamorig_Head,4,0.9967451691627502,-0.04331314563751221,-0.06739939749240875,0,-0.006922791711986065,0.791000247001648,-0.6117208003997803,0,0.079791359603405,0.610184907913208,0.7881442904472351,0,0,11.711341857910156,2.8429999351501465,1
B6,mixamorig_HeadTop_End,5,1,0,0,0,0,1,0,0,0,0,1,0,0,54.093482971191406,13.131526947021484,1
B7,mixamorig_LeftShoulder,3,0.1710241436958313,0.122588150203228,-0.9776101112365723,0,0.9318128228187561,-0.3424968123435974,0.12006372958421707,0,-0.32011106610298157,-0.9314846992492676,-0.17280234396457672,0,9.35847282409668,12.157794952392578,0.05198799818754196,1
B8,mixamorig_LeftArm,7,0.8015863299369812,0.5208168625831604,0.29360952973365784,0,-0.5967351198196411,0.6666334867477417,0.446647971868515,0,0.036896511912345886,-0.533233106136322,0.8451570272445679,0,0,19.471277236938477,0,1
B9,mixamorig_LeftForeArm,8,0.08331058919429779,0.9955916404724121,-0.0429580882191658,0,-0.9958091974258423,0.08154871314764023,-0.04126114398241043,0,-0.03757817670702934,0.04621746018528938,0.9982240200042725,0,0,26.036266326904297,0,1
B10,mixamorig_LeftHand,9,-0.013871967792510986,0.28807052969932556,-0.9575077295303345,0,0.6135444045066833,0.7585861086845398,0.21933522820472717,0,0.7895381450653076,-0.5844321846961975,-0.1872679442167282,0,0,20.33711814880371,0,1
B11,mixamorig_LeftHandThumb1,10,0.9230936169624329,0.38246041536331177,0.04025714471936226,0,-0.35066932439804077,0.7941139340400696,0.4963991940021515,0,0.15788370370864868,-0.4723404347896576,0.8671600818634033,0,-4.283371925354004,6.561418056488037,0,1
B12,mixamorig_LeftHandThumb2,11,0.9663169980049133,-0.2568487823009491,0.01610996201634407,0,0.25618940591812134,0.9660069346427917,0.0345781110227108,0,-0.024443870410323143,-0.029286151751875877,0.9992720484733582,0,0.07695499807596207,6.268155097961426,0,1
B13,mixamorig_LeftHandThumb3,12,0.9834849834442139,0.180983766913414,0.0013500000350177288,0,-0.180983766913414,0.983485996723175,-0.00013899999612476677,0,-0.0013522420777007937,-0.00010775798000395298,0.9999989867210388,0,-0.550940990447998,6.939408779144287,0,1
B14,mixamorig_LeftHandThumb4,13,1,0,0,0,0,1,0,0,0,0,1,0,0.4739859998226166,4.596223831176758,0,1
B15,mixamorig_LeftHandIndex1,10,0.9747517108917236,0.07775392383337021,0.2093169093132019,0,-0.14012275636196136,0.9428611397743225,0.3022858202457428,0,-0.17385348677635193,-0.32398343086242676,0.929949939250946,0,0,12.977585792541504,0.11651500314474106,1
B16,mixamorig_LeftHandIndex2,15,0.9999422430992126,-0.006933108903467655,-0.00817127339541912,0,0.009558835998177528,0.9217807054519653,0.38759294152259827,0,0.004844904411584139,-0.38764894008636475,0.9217944741249084,0,0.1787710040807724,8.56451416015625,0,1
B17,mixamorig_LeftHandIndex3,16,0.9979069828987122,0.06463400274515152,-0.0022090000566095114,0,-0.06463400274515152,0.9979090094566345,0.00005900000178371556,0,0.002208000048995018,0.00008399999933317304,0.9999979734420776,0,-0.27309098839759827,7.210628986358643,0,1
B18,mixamorig_LeftHandIndex4,17,1,0,0,0,0,1,0,0,0,0,1,0,0.09431900084018707,3.514772891998291,0,1
B19,mixamorig_RightShoulder,3,0.007167891599237919,0.0005988990305922925,0.9999744892120361,0,-0.9808028340339661,-0.19487084448337555,0.007147165946662426,0,0.19487060606479645,-0.9808283448219299,-0.0008099175756797194,0,-9.35847282409668,12.159202575683594,0.09123899787664413,1
B20,mixamorig_RightArm,19,0.8153182864189148,-0.5049360990524292,-0.28336018323898315,0,0.5636407732963562,0.580128014087677,0.588013768196106,0,-0.13252374529838562,-0.6391311883926392,0.757592499256134,0,0,19.471277236938477,0,1
B21,mixamorig_RightForeArm,20,0.2472856044769287,-0.9677255153656006,0.04850662872195244,0,0.9687244892120361,0.24586181342601776,-0.03350165858864784,0,0.02049502544105053,0.055274490267038345,0.9982605576515198,0,0,26.03710174560547,0,1
B22,mixamorig_RightHand,21,0.419859379529953,0.0639340952038765,0.9053325057029724,0,0.2751272916793823,0.9416118860244751,-0.1940891444683075,0,-0.864882230758667,0.33057111501693726,0.377755731344223,0,0,20.349485397338867,0,1
B23,mixamorig_RightHandThumb1,22,0.7092090249061584,-0.5866522192955017,-0.3909739851951599,0,0.6595839858055115,0.7479649782180786,0.07414200156927109,0,0.24894000589847565,-0.31046199798583984,0.9174110293388367,0,4.891150951385498,6.377968788146973,0,1
B24,mixamorig_RightHandThumb2,23,0.9158137440681458,0.40119999647140503,-0.018000999465584755,0,-0.40026599168777466,0.9155009984970093,0.040564000606536865,0,0.03275400027632713,-0.029944000765681267,0.9990149736404419,0,0.09952899813652039,6.42924690246582,0,1
B25,mixamorig_RightHandThumb3,24,0.9979529976844788,-0.0639437586069107,0.00039400000241585076,0,0.0639437586069107,0.9979540109634399,0.000018999999156221747,0,-0.00039500001003034413,0.000006000000212225132,1,0,0.11032900214195251,6.764348983764648,0,1
B26,mixamorig_RightHandThumb4,25,1,0,0,0,0,1,0,0,0,0,1,0,-0.2098580002784729,4.398653984069824,0,1
B27,mixamorig_RightHandIndex1,22,0.9966049790382385,-0.08174599707126617,-0.009758000262081623,0,0.07434800267219543,0.8427799940109253,0.5330989956855774,0,-0.035354241728782654,-0.5320150256156921,0.8459969758987427,0,0,14.289042472839355,0.05890800058841705,1
B28,mixamorig_RightHandIndex2,27,0.9994850158691406,-0.03168100118637085,-0.005193999968469143,0,0.03181099891662598,0.955528974533081,0.293177992105484,0,-0.00432500010356307,-0.2931919991970062,0.9560440182685852,0,-0.0035019998904317617,8.26400375366211,0,1
B29,mixamorig_RightHandIndex3,28,0.9999809861183167,-0.006227999925613403,-0.000014999999621068127,0,0.006227999925613403,0.9999809861183167,9.999999974752427e-7,0,0.000014999999621068127,-9.999999974752427e-7,1,0,0.015487000346183777,6.10585880279541,0,1
B30,mixamorig_RightHandIndex4,29,1,0,0,0,0,1,0,0,0,0,1,0,-0.011983999982476234,3.2525739669799805,0,1
B31,mixamorig_LeftUpLeg,0,-0.8387220501899719,-0.27405938506126404,0.47057104110717773,0,0.4964154362678528,-0.029536360874772072,0.8675827383995056,0,-0.22387002408504486,0.9612589478492737,0.1608201563358307,0,7.173655986785889,-5.237892150878906,-2.7370901107788086,1
B32,mixamorig_LeftLeg,31,0.9358441829681396,0.3512779176235199,0.02828245237469673,0,0.15280428528785706,-0.3321497440338135,-0.9307674169540405,0,-0.31756392121315,0.8753746747970581,-0.36451688408851624,0,0,29.731739044189453,0,1
B33,mixamorig_LeftFoot,32,0.804671585559845,-0.05696466937661171,-0.5909808874130249,0,0.42872297763824463,0.7443505525588989,0.5119953155517578,0,0.410731703042984,-0.665355384349823,0.6233795285224915,0,0,18.94415283203125,0,1
B34,mixamorig_LeftToeBase,33,0.8633139729499817,0.2854468822479248,-0.4161839485168457,0,0.3661387860774994,0.21328553557395935,0.9057878255844116,0,0.3473207950592041,-0.9343597888946533,0.07961974292993546,0,0,13.023898124694824,0,1
B35,mixamorig_LeftToe_End,34,1,0,0,0,0,1,0,0,0,0,1,0,0,5.268302917480469,0,1
B36,mixamorig_RightUpLeg,0,-0.9477571249008179,0.01798570156097412,-0.3184848129749298,0,-0.3156086802482605,-0.19791172444820404,0.9280207753181458,0,-0.04634085297584534,0.9800550937652588,0.1932486593723297,0,-7.173655986785889,-5.237892150878906,6.1348748207092285,1
B37,mixamorig_RightLeg,36,0.9318510890007019,0.32702359557151794,-0.15719281136989594,0,-0.14613434672355652,-0.05828217789530754,-0.9875461459159851,0,-0.3321123421192169,0.9432171583175659,-0.0065205153077840805,0,0,28.178977966308594,0,1
B38,mixamorig_RightFoot,37,0.9847687482833862,-0.10048570483922958,0.1418917030096054,0,-0.049262676388025284,0.6213868260383606,0.781953752040863,0,-0.16674505174160004,-0.7770334482192993,0.6069722771644592,0,0,18.8565616607666,0,1
B39,mixamorig_RightToeBase,38,0.9257190227508545,-0.000022000000171829015,0.37821099162101746,0,-0.30882999300956726,0.5772250294685364,0.7559329867362976,0,-0.2183299958705902,-0.8165850043296814,0.5343419909477234,0,0,12.844009399414062,0,1
B40,mixamorig_RightToe_End,39,1,0,0,0,0,1,0,0,0,0,1,0,0,5.283959865570068,0,1
@34,0,1,2,3,4,5,7,8,9,10,11,12,13,15,16,17,19,20,21,22,23,24,25,27,28,29,31,32,33,34,36,37,38,39
K0.000,0.98614501953125,-0.12150199711322784,0.11293800175189972,0,0.11156900227069855,0.9896289706230164,0.09047599881887436,0,-0.12275999784469604,-0.07662200182676315,0.9894739985466003,0,2.847961902618408,40.00174331665039,-1.1649169921875,1,0.996845006942749,0.060718998312950134,-0.051121000200510025,0,-0.04585399851202965,0.9662430286407471,0.25352001190185547,0,0.06478899717330933,-0.25037598609924316,0.9659780263900757,0,0,9.430580139160156,0.33827701210975647,1,0.9987170100212097,-0.008009999990463257,0.049991998821496964,0,-0.010087000206112862,0.9361330270767212,0.351500004529953,0,-0.04961499944329262,-0.3515540063381195,0.9348520040512085,0,0,11.009410858154297,0,1,0.9987170100212097,-0.008009999990463257,0.049991998821496964,0,-0.010087000206112862,0.9361339807510376,0.351500004529953,0,-0.04961499944329262,-0.3515529930591583,0.9348520040512085,0,0,12.582183837890625,0,1,0.9878360033035278,-0.061802998185157776,-0.14268800616264343,0,0.032933998852968216,0.979960024356842,-0.1964530050754547,0,0.15196900069713593,0.1893640011548996,0.9700760245323181,0,0,14.154956817626953,0,1,0.9990320205688477,-0.010943000204861164,-0.04260300099849701,0,-0.018989000469446182,0.7663549780845642,-0.6421359777450562,0,0.0396759994328022,0.6423239707946777,0.7654060125350952,0,0,11.711341857910156,2.8429999351501465,1,0.1663849949836731,0.12993399798870087,-0.9774630069732666,0,0.9274550080299377,-0.3572709858417511,0.11038099974393845,0,-0.33487701416015625,-0.9249190092086792,-0.17995299398899078,0,9.35847282409668,12.157794952392578,0.05198799818754196,1,0.8129799962043762,0.5056020021438599,0.2888430058956146,0,-0.5820369720458984,0.6909300088882446,0.42877501249313354,0,0.01721999980509281,-0.5167030096054077,0.8559920191764832,0,0,19.471277236938477,0,1,0.04642299935221672,0.9975889921188354,-0.05158400163054466,0,-0.9983540177345276,0.04459499940276146,-0.036051999777555466,0,-0.0336650013923645,0.0531730018556118,0.9980180263519287,0,0,26.036266326904297,0,1,-0.02121100015938282,0.2811110019683838,-0.9594410061836243,0,0.6120880246162415,0.7624350190162659,0.2098580002784729,0,0.7905049920082092,-0.5828109979629517,-0.18823599815368652,0,0,20.33711814880371,0,1,0.9246249794960022,0.37889501452445984,0.03882699832320213,0,-0.34681299328804016,0.7954009771347046,0.4970490038394928,0,0.1574469953775406,-0.47304999828338623,0.8668529987335205,0,-4.283371925354004,6.561418056488037,0,1,0.9651060104370117,-0.26143398880958557,0.01490699965506792,0,0.2607499957084656,0.9646940231323242,0.03707199916243553,0,-0.024072999134659767,-0.03189200162887573,0.9992009997367859,0,0.07695499807596207,6.268155097961426,0,1,0.9834849834442139,0.1809840053319931,0.0013490000274032354,0,-0.1809840053319931,0.983485996723175,-0.00013899999612476677,0,-0.0013520000502467155,-0.00010699999984353781,0.9999989867210388,0,-0.550940990447998,6.939408779144287,0,1,0.9748539924621582,0.07551400363445282,0.20965899527072906,0,-0.13928499817848206,0.9408890008926392,0.3087509870529175,0,-0.17395099997520447,-0.3301889896392822,0.9277480244636536,0,0,12.977585792541504,0.11651500314474106,1,0.9999430179595947,-0.006893999874591827,-0.008169000037014484,0,0.0095229996368289,0.9216769933700562,0.38784098625183105,0,0.004854999948292971,-0.3878970146179199,0.9216899871826172,0,0.1787710040807724,8.56451416015625,0,1,0.9979069828987122,0.06463500112295151,-0.0022090000566095114,0,-0.06463500112295151,0.9979090094566345,0.00005900000178371556,0,0.002208000048995018,0.00008399999933317304,0.9999979734420776,0,-0.27309098839759827,7.210628986358643,0,1,0.008971000090241432,-0.0001230000052601099,0.9999600052833557,0,-0.9819989800453186,-0.1886810064315796,0.008786999620497227,0,0.1886720061302185,-0.9820380210876465,-0.0018129999516531825,0,-9.35847282409668,12.159202575683594,0.09123899787664413,1,0.811352014541626,-0.5139099955558777,-0.27857598662376404,0,0.566195011138916,0.5723819732666016,0.5931280255317688,0,-0.1453620046377182,-0.6389639973640442,0.7553769946098328,0,0,19.471277236938477,0,1,0.2640269994735718,-0.9636139869689941,0.04169199988245964,0,0.9642220139503479,0.2626349925994873,-0.03602699935436249,0,0.023767000064253807,0.049713000655174255,0.9984809756278992,0,0,26.03710174560547,0,1,0.40536201000213623,0.07770200073719025,0.9108480215072632,0,0.27402999997138977,0.9402329921722412,-0.2021619975566864,0,-0.8721179962158203,0.3315480053424835,0.359842985868454,0,0,20.349485397338867,0,1,0.7092090249061584,-0.5866529941558838,-0.3909739851951599,0,0.6595839858055115,0.7479649782180786,0.07414200156927109,0,0.24894000589847565,-0.310463011264801,0.9174100160598755,0,4.891150951385498,6.377968788146973,0,1,0.9158130288124084,0.4012010097503662,-0.018000999465584755,0,-0.40026599168777466,0.9155009984970093,0.040564000606536865,0,0.03275400027632713,-0.029944000765681267,0.9990149736404419,0,0.09952899813652039,6.42924690246582,0,1,0.9979529976844788,-0.06394299864768982,0.00039400000241585076,0,0.06394299864768982,0.9979540109634399,0.000018999999156221747,0,-0.00039500001003034413,0.000006000000212225132,1,0,0.11032900214195251,6.764348983764648,0,1,0.9966049790382385,-0.08174599707126617,-0.009758000262081623,0,0.07434800267219543,0.8427799940109253,0.5330989956855774,0,-0.03535500168800354,-0.5320150256156921,0.8459960222244263,0,0,14.289042472839355,0.05890800058841705,1,0.9994850158691406,-0.03168100118637085,-0.005193999968469143,0,0.03181099891662598,0.955528974533081,0.293177992105484,0,-0.00432500010356307,-0.2931919991970062,0.9560440182685852,0,-0.0035019998904317617,8.26400375366211,0,1,0.9999809861183167,-0.006227999925613403,-0.000014999999621068127,0,0.006227999925613403,0.9999809861183167,0,0,0.000014999999621068127,0,1,0,0.015487000346183777,6.10585880279541,0,1,-0.8403210043907166,-0.2709909975528717,0.4694949984550476,0,0.49476298689842224,-0.02948799915611744,0.8685269951820374,0,-0.22151899337768555,0.9621300101280212,0.15885600447654724,0,7.173655986785889,-5.237892150878906,-2.7370901107788086,1,0.9357730150222778,0.3514469861984253,0.028527000918984413,0,0.15289700031280518,-0.3315410017967224,-0.9309689998626709,0,-0.31772899627685547,0.8755369782447815,-0.36398300528526306,0,0,29.731739044189453,0,1,0.8050180077552795,-0.05573499947786331,-0.5906260013580322,0,0.42841801047325134,0.7432889938354492,0.5137889981269836,0,0.41036999225616455,-0.6666439771652222,0.6222389936447144,0,0,18.94415283203125,0,1,0.8632929921150208,0.2855350077152252,-0.4161669909954071,0,0.3661639988422394,0.21314899623394012,0.9058099985122681,0,0.3473460078239441,-0.9343649744987488,0.07945799827575684,0,0,13.023898124694824,0,1,-0.9469799995422363,0.01940299943089485,-0.3207069933414459,0,-0.3181839883327484,-0.1951729953289032,0.9277210235595703,0,-0.0445920005440712,0.9805769920349121,0.19099800288677216,0,-7.173655986785889,-5.237892150878906,6.1348748207092285,1,0.9317100048065186,0.3272869884967804,-0.15747800469398499,0,-0.14612799882888794,-0.059153001755476,-0.987496018409729,0,-0.33250999450683594,0.9430720210075378,-0.007286999840289354,0,0,28.178977966308594,0,1,0.9847859740257263,-0.10039100050926208,0.14183999598026276,0,-0.04935399815440178,0.6210449934005737,0.7822200059890747,0,-0.1666170060634613,-0.7773190140724182,0.6066409945487976,0,0,18.8565616607666,0,1,0.9257339835166931,0,0.3781749904155731,0,-0.3088169991970062,0.577206015586853,0.7559530138969421,0,-0.2182849943637848,-0.8165990114212036,0.5343390107154846,0,0,12.844009399414062,0,1
K0.033,0.9860829710960388,-0.12168599665164948,0.11328000575304031,0,0.111735999584198,0.9896159768104553,0.09041199833154678,0,-0.12310600280761719,-0.07649699598550797,0.9894409775733948,0,2.849139928817749,39.99961853027344,-1.1615999937057495,1,0.9968249797821045,0.060812000185251236,-0.05139300227165222,0,-0.04593899846076965,0.9664859771728516,0.25257501006126404,0,0.06503000110387802,-0.24941198527812958,0.9662110209465027,0,0,9.430580139160156,0.33827701210975647,1,0.998744010925293,-0.007788997609168291,0.04949299618601799,0,-0.010022000409662724,0.9368199706077576,0.3496679663658142,0,-0.04908999800682068,-0.34972497820854187,0.9355649948120117,0,0,11.009410858154297,0,1,0.998744010925293,-0.007788997609168291,0.04949299618601799,0,-0.010022000409662724,0.9368199706077576,0.3496679663658142,0,-0.04908999800682068,-0.34972497820854187,0.9355649948120117,0,0,12.582183837890625,0,1,0.9877619743347168,-0.062434010207653046,-0.14292499423027039,0,0.0337350107729435,0.98021399974823,-0.19504396617412567,0,0.1522749960422516,0.18783597648143768,0.9703249931335449,0,0,14.154956817626953,0,1,0.9989529848098755,-0.012197027914226055,-0.04409502074122429,0,-0.0188869908452034,0.7679039835929871,-0.640286922454834,0,0.04167003557085991,0.6404489278793335,0.7668690085411072,0,0,11.711341857910156,2.8429999351501465,1,0.16675801575183868,0.12844498455524445,-0.9775959849357605,0,0.9281330108642578,-0.3551059663295746,0.11166401952505112,0,-0.3328069746494293,-0.9259600043296814,-0.17843098938465118,0,9.35847282409668,12.157794952392578,0.05198799818754196,1,0.8104450106620789,0.5099290609359741,0.2883610129356384,0,-0.5853959918022156,0.6863259673118591,0.4315880239009857,0,0.022169044241309166,-0.5185840129852295,0.8547390103340149,0,0,19.471277236938477,0,1,0.05424707755446434,0.9972829818725586,-0.04983898252248764,0,-0.997937023639679,0.05243007838726044,-0.03706301003694534,0,-0.03434900566935539,0.05174598470330238,0.9980689883232117,0,0,26.036266326904297,0,1,-0.020737994462251663,0.28109899163246155,-0.9594550132751465,0,0.6123830080032349,0.7621440291404724,0.21005499362945557,0,0.7902889847755432,-0.5831969976425171,-0.18794600665569305,0,0,20.33711814880371,0,1,0.9248759746551514,0.37830400466918945,0.03859800472855568,0,-0.34616100788116455,0.7955610156059265,0.49724799394607544,0,0.15740400552749634,-0.47325399518013,0.8667489886283875,0,-4.283371925354004,6.561418056488037,0,1,0.9650400280952454,-0.26168298721313477,0.014842001721262932,0,0.260998010635376,0.9646220207214355,0.03720899671316147,0,-0.02405400015413761,-0.03203399479389191,0.9991970062255859,0,0.07695499807596207,6.268155097961426,0,1,0.9834849834442139,0.1809840053319931,0.0013500000350177288,0,-0.1809840053319931,0.983485996723175,-0.00013899999612476677,0,-0.001353000057861209,-0.00010699999984353781,0.9999989867210388,0,-0.550940990447998,6.939408779144287,0,1,0.974822998046875,0.07552200555801392,0.2098039984703064,0,-0.13948099315166473,0.9406179785728455,0.3094879686832428,0,-0.1739719957113266,-0.3309589624404907,0.9274700284004211,0,0,12.977585792541504,0.11651500314474106,1,0.9999430179595947,-0.006893999874591827,-0.008169000037014484,0,0.0095229996368289,0.921675980091095,0.3878439962863922,0,0.004854999948292971,-0.3878999948501587,0.921688973903656,0,0.1787710040807724,8.56451416015625,0,1,0.9979069828987122,0.06463400274515152,-0.0022090000566095114,0,-0.06463400274515152,0.9979090094566345,0.00005900000178371556,0,0.0022090000566095114,0.00008399999933317304,0.9999979734420776,0,-0.27309098839759827,7.210628986358643,0,1,0.008089994080364704,0.00008500180410919711,0.9999669790267944,0,-0.981548011302948,-0.19105201959609985,0.007956994697451591,0,0.19104601442813873,-0.9815800189971924,-0.0014619972789660096,0,-9.35847282409668,12.159202575683594,0.09123899787664413,1,0.8120030164718628,-0.513014018535614,-0.2783310115337372,0,0.5658029913902283,0.5748630166053772,0.5910999774932861,0,-0.14323997497558594,-0.6374549865722656,0.7570549845695496,0,0,19.471277236938477,0,1,0.26055797934532166,-0.9644989967346191,0.04302401468157768,0,0.9651820063591003,0.2591579556465149,-0.03551499545574188,0,0.023103993386030197,0.05078000947833061,0.9984430074691772,0,0,26.03710174560547,0,1,0.408922016620636,0.07554897665977478,0.9094370007514954,0,0.27355700731277466,0.9405900239944458,-0.20113898813724518,0,-0.8706030249595642,0.33103299140930176,0.36396104097366333,0,0,20.349485397338867,0,1,0.7092090249061584,-0.5866519808769226,-0.3909739851951599,0,0.6595839858055115,0.7479649782180786,0.07414200156927109,0,0.24894000589847565,-0.310463011264801,0.9174100160598755,0,4.891150951385498,6.377968788146973,0,1,0.9158130288124084,0.40119999647140503,-0.018000999465584755,0,-0.40026599168777466,0.9155009984970093,0.040564000606536865,0,0.03275400027632713,-0.029944000765681267,0.9990149736404419,0,0.09952899813652039,6.42924690246582,0,1,0.9979529976844788,-0.06394399702548981,0.00039400000241585076,0,0.06394399702548981,0.9979540109634399,0.000018999999156221747,0,-0.00039500001003034413,0.000006000000212225132,1,0,0.11032900214195251,6.764348983764648,0,1,0.9966049790382385,-0.08174599707126617,-0.009758000262081623,0,0.07434900104999542,0.8427799940109253,0.5330989956855774,0,-0.03535500168800354,-0.5320150256156921,0.8459960222244263,0,0,14.289042472839355,0.05890800058841705,1,0.9994850158691406,-0.03167999908328056,-0.005193999968469143,0,0.03181099891662598,0.955528974533081,0.293177992105484,0,-0.00432500010356307,-0.2931919991970062,0.9560440182685852,0,-0.0035019998904317617,8.26400375366211,0,1,0.9999809861183167,-0.006227999925613403,-0.000014999999621068127,0,0.006227999925613403,0.9999809861183167,0,0,0.000014999999621068127,0,1,0,0.015487000346183777,6.10585880279541,0,1,-0.8400939702987671,-0.27128300070762634,0.46973198652267456,0,0.4950200021266937,-0.02932100184261799,0.86838698387146,0,-0.22180500626564026,0.9620530009269714,0.15892300009727478,0,7.173655986785889,-5.237892150878906,-2.7370901107788086,1,0.9357680082321167,0.3514679968357086,0.028440000489354134,0,0.1528719961643219,-0.3316879868507385,-0.9309200048446655,0,-0.3177559971809387,0.8754730224609375,-0.3641130030155182,0,0,29.731739044189453,0,1,0.8048589825630188,-0.05587700009346008,-0.5908300280570984,0,0.4284679889678955,0.7435569763183594,0.5133600234985352,0,0.410631000995636,-0.6663339734077454,0.6223999857902527,0,0,18.94415283203125,0,1,0.8632889986038208,0.2855539917945862,-0.41616299748420715,0,0.3661690056324005,0.21311800181865692,0.9058150053024292,0,0.3473510146141052,-0.93436598777771,0.07942099869251251,0,0,13.023898124694824,0,1,-0.9470900297164917,0.019223997369408607,-0.32039201259613037,0,-0.3178339898586273,-0.19531400501728058,0.9278110265731812,0,-0.04474100470542908,0.9805520176887512,0.19109000265598297,0,-7.173655986785889,-5.237892150878906,6.1348748207092285,1,0.9317139983177185,0.32727301120758057,-0.1574839949607849,0,-0.14610600471496582,-0.05923299863934517,-0.9874939918518066,0,-0.33250901103019714,0.9430710077285767,-0.0073709990829229355,0,0,28.178977966308594,0,1,0.9847779870033264,-0.10042700171470642,0.14187200367450714,0,-0.04937899857759476,0.6209419965744019,0.7822989821434021,0,-0.16665799915790558,-0.777396023273468,0.606531023979187,0,0,18.8565616607666,0,1,0.9257299900054932,-0.000005000089913664851,0.3781839907169342,0,-0.3088209927082062,0.577210009098053,0.755948007106781,0,-0.21829600632190704,-0.8165959715843201,0.5343400239944458,0,0,12.844009399414062,0,1
K0.067,0.9860110282897949,-0.12191300094127655,0.11366299539804459,0,0.1119770035147667,0.9896209836006165,0.09006199985742569,0,-0.12346299737691879,-0.07607400417327881,0.9894289970397949,0,2.8485610485076904,39.99903106689453,-1.1620960235595703,1,0.9968100190162659,0.0609080009162426,-0.051580995321273804,0,-0.04604500159621239,0.966713011264801,0.2516869902610779,0,0.06519400328397751,-0.248509019613266,0.9664329886436462,0,0,9.430580139160156,0.33827701210975647,1,0.9987660050392151,-0.007567002438008785,0.049084004014730453,0,-0.009996999986469746,0.9374629855155945,0.3479420244693756,0,-0.04864800348877907,-0.3480030298233032,0.9362300038337708,0,0,11.009410858154297,0,1,0.9987660050392151,-0.007567002438008785,0.049084004014730453,0,-0.009996999986469746,0.9374629855155945,0.3479420244693756,0,-0.04864800348877907,-0.3480030298233032,0.9362300038337708,0,0,12.582183837890625,0,1,0.9876520037651062,-0.06336799263954163,-0.14327800273895264,0,0.0349549874663353,0.9806249737739563,-0.19275003671646118,0,0.1527169942855835,0.18536202609539032,0.9707310199737549,0,0,14.154956817626953,0,1,0.9988160133361816,-0.014995971694588661,-0.04628297686576843,0,-0.01795300841331482,0.7705619931221008,-0.6371120810508728,0,0.04521796479821205,0.6371880769729614,0.7693809866905212,0,0,11.711341857910156,2.8429999351501465,1,0.16770298779010773,0.12693201005458832,-0.9776319861412048,0,0.9289460182189941,-0.3523560166358948,0.11360298097133636,0,-0.33005401492118835,-0.9272180199623108,-0.17700400948524475,0,9.35847282409668,12.157794952392578,0.05198799818754196,1,0.808193027973175,0.5133339166641235,0.28863799571990967,0,-0.5883169770240784,0.6816350817680359,0.43503597378730774,0,0.02657395601272583,-0.5214040279388428,0.852895975112915,0,0,19.471277236938477,0,1,0.061899926513433456,0.9969249963760376,-0.04806001856923103,0,-0.9974640011787415,0.06009592488408089,-0.0381229892373085,0,-0.03511699289083481,0.050298016518354416,0.9981170296669006,0,0,26.036266326904297,0,1,-0.020180005580186844,0.2810930013656616,-0.9594680070877075,0,0.612654983997345,0.7618550062179565,0.21031300723552704,0,0.7900930047035217,-0.5835790038108826,-0.18758699297904968,0,0,20.33711814880371,0,1,0.9246339797973633,0.37887099385261536,0.038829997181892395,0,-0.3467710018157959,0.7953400015830994,0.49717599153518677,0,0.15748199820518494,-0.4731709957122803,0.8667809963226318,0,-4.283371925354004,6.561418056488037,0,1,0.9652619957923889,-0.2608489990234375,0.015061997808516026,0,0.2601679861545563,0.9648640155792236,0.03675500303506851,0,-0.02412099950015545,-0.03156000375747681,0.9992110133171082,0,0.07695499807596207,6.268155097961426,0,1,0.9834849834442139,0.1809840053319931,0.0013500000350177288,0,-0.1809840053319931,0.983485996723175,-0.00013899999612476677,0,-0.001353000057861209,-0.00010699999984353781,0.9999989867210388,0,-0.550940990447998,6.939408779144287,0,1,0.9747580289840698,0.07632198929786682,0.20981299877166748,0,-0.13994799554347992,0.9410880208015442,0.30784502625465393,0,-0.1739570051431656,-0.3294370174407959,0.9280139803886414,0,0,12.977585792541504,0.11651500314474106,1,0.9999430179595947,-0.006912000011652708,-0.008170000277459621,0,0.009538999758660793,0.9217240214347839,0.3877289891242981,0,0.004850999917834997,-0.3877849876880646,0.921737015247345,0,0.1787710040807724,8.56451416015625,0,1,0.9979069828987122,0.06463400274515152,-0.0022090000566095114,0,-0.06463400274515152,0.9979090094566345,0.00005900000178371556,0,0.0022090000566095114,0.00008399999933317304,0.9999979734420776,0,-0.27309098839759827,7.210628986358643,0,1,0.007525005377829075,0.0002649982343427837,0.9999719858169556,0,-0.9812660217285156,-0.19251398742198944,0.007435005158185959,0,0.19251099228858948,-0.9812939763069153,-0.0011890026507899165,0,-9.35847282409668,12.159202575683594,0.09123899787664413,1,0.8126699924468994,-0.5116379857063293,-0.27891600131988525,0,0.5654370188713074,0.5766429901123047,0.5897150039672852,0,-0.14088602364063263,-0.6369529962539673,0.7579190135002136,0,0,19.471277236938477,0,1,0.25722402334213257,-0.9653310179710388,0.044403985142707825,0,0.9660919904708862,0.2558170258998871,-0.03499000519514084,0,0.022417007014155388,0.05189898982644081,0.9984009861946106,0,0,26.03710174560547,0,1,0.4121679663658142,0.0730530247092247,0.9081739783287048,0,0.27353399991989136,0.9408770203590393,-0.19982501864433289,0,-0.8690779805183411,0.33077800273895264,0.3678169846534729,0,0,20.349485397338867,0,1,0.7092090249061584,-0.5866519808769226,-0.3909739851951599,0,0.6595839858055115,0.7479649782180786,0.07414200156927109,0,0.24894000589847565,-0.31046199798583984,0.9174110293388367,0,4.891150951385498,6.377968788146973,0,1,0.9158130288124084,0.40119999647140503,-0.018000999465584755,0,-0.40026599168777466,0.9155009984970093,0.040564000606536865,0,0.03275400027632713,-0.029944000765681267,0.9990149736404419,0,0.09952899813652039,6.42924690246582,0,1,0.9979529976844788,-0.06394399702548981,0.00039400000241585076,0,0.06394399702548981,0.9979540109634399,0.000018999999156221747,0,-0.00039500001003034413,0.000006000000212225132,1,0,0.11032900214195251,6.764348983764648,0,1,0.9966049790382385,-0.08174599707126617,-0.009758000262081623,0,0.07434800267219543,0.8427799940109253,0.5330989956855774,0,-0.03535500168800354,-0.5320150256156921,0.8459969758987427,0,0,14.289042472839355,0.05890800058841705,1,0.9994850158691406,-0.03168100118637085,-0.005193999968469143,0,0.03181099891662598,0.955528974533081,0.2931770086288452,0,-0.00432500010356307,-0.29319098591804504,0.9560440182685852,0,-0.0035019998904317617,8.26400375366211,0,1,0.9999809861183167,-0.006227999925613403,-0.000014999999621068127,0,0.006227999925613403,0.9999809861183167,0,0,0.000014999999621068127,0,1,0,0.015487000346183777,6.10585880279541,0,1,-0.839847981929779,-0.2718220055103302,0.4698599874973297,0,0.49527400732040405,-0.02944999746978283,0.8682370185852051,0,-0.22216899693012238,0.9618970155715942,0.15936000645160675,0,7.173655986785889,-5.237892150878906,-2.7370901107788086,1,0.9357770085334778,0.3514469861984253,0.028398999944329262,0,0.152879998087883,-0.3318459987640381,-0.9308630228042603,0,-0.3177250027656555,0.8754220008850098,-0.36426299810409546,0,0,29.731739044189453,0,1,0.8046749830245972,-0.05594800040125847,-0.5910739898681641,0,0.4286530017852783,0.7435780167579651,0.5131750106811523,0,0.41079801321029663,-0.6663050055503845,0.6223199963569641,0,0,18.94415283203125,0,1,0.8633189797401428,0.28542500734329224,-0.4161889851093292,0,0.3661330044269562,0.2133210003376007,0.9057819843292236,0,0.3473150134086609,-0.9343590140342712,0.07965999841690063,0,0,13.023898124694824,0,1,-0.9472460150718689,0.019064001739025116,-0.319938987493515,0,-0.3173370063304901,-0.19582200050354004,0.9278740286827087,0,-0.044961996376514435,0.9804540276527405,0.19154199957847595,0,-7.173655986785889,-5.237892150878906,6.1348748207092285,1,0.9317409992218018,0.3272159993648529,-0.15744100511074066,0,-0.14610600471496582,-0.05910399928689003,-0.9875019788742065,0,-0.33243200182914734,0.9430990219116211,-0.007262000814080238,0,0,28.178977966308594,0,1,0.9847850203514099,-0.10045500099658966,0.1417980045080185,0,-0.04930400103330612,0.6209390163421631,0.7823070287704468,0,-0.1666339933872223,-0.7773950099945068,0.6065390110015869,0,0,18.8565616607666,0,1,0.925724983215332,-0.0000139999110615463,0.3781979978084564,0,-0.30882498621940613,0.5772179961204529,0.7559409737586975,0,-0.21831299364566803,-0.8165900111198425,0.5343409776687622,0,0,12.844009399414062,0,1
K0.100,0.9859189987182617,-0.12223400175571442,0.11411499977111816,0,0.11233499646186829,0.9896309971809387,0.08950400352478027,0,-0.12387199699878693,-0.07542400062084198,0.9894279837608337,0,2.8466479778289795,39.997894287109375,-1.1659430265426636,1,0.9967960119247437,0.06100999936461449,-0.051722001284360886,0,-0.04616500064730644,0.9669229984283447,0.2508560121059418,0,0.06531599909067154,-0.24766400456428528,0.9666420221328735,0,0,9.430580139160156,0.33827701210975647,1,0.9987850189208984,-0.007340000011026859,0.0487390011548996,0,-0.01000600028783083,0.9380630254745483,0.3463209867477417,0,-0.04826200008392334,-0.3463880121707916,0.9368489980697632,0,0,11.009410858154297,0,1,0.9987850189208984,-0.007340000011026859,0.0487390011548996,0,-0.01000600028783083,0.9380630254745483,0.3463209867477417,0,-0.04826200008392334,-0.3463880121707916,0.9368489980697632,0,0,12.582183837890625,0,1,0.9874629974365234,-0.06471800059080124,-0.1439719945192337,0,0.03670100122690201,0.9812219738960266,-0.18935999274253845,0,0.1535239964723587,0.18170200288295746,0.9712949991226196,0,0,14.154956817626953,0,1,0.9985209703445435,-0.020448999479413033,-0.05036599934101105,0,-0.01598300039768219,0.7751460075378418,-0.6315799951553345,0,0.05195600166916847,0.6314510107040405,0.7736729979515076,0,0,11.711341857910156,2.8429999351501465,1,0.16877199709415436,0.12537600100040436,-0.9776489734649658,0,0.9298589825630188,-0.34923699498176575,0.1157350018620491,0,-0.3269209861755371,-0.9286090135574341,-0.17552299797534943,0,9.35847282409668,12.157794952392578,0.05198799818754196,1,0.8058329820632935,0.5163559913635254,0.28984498977661133,0,-0.5913630127906799,0.6766570210456848,0.4386630058288574,0,0.03038099966943264,-0.5248919725418091,0.8506259918212891,0,0,19.471277236938477,0,1,0.06964699923992157,0.9965000152587891,-0.04623299837112427,0,-0.9969239830970764,0.06785699725151062,-0.03922700136899948,0,-0.03595200181007385,0.048822999000549316,0.9981600046157837,0,0,26.036266326904297,0,1,-0.018319999799132347,0.2830210030078888,-0.9589390158653259,0,0.6126899719238281,0.7610999941825867,0.2129260003566742,0,0.7901110053062439,-0.5836309790611267,-0.18734799325466156,0,0,20.33711814880371,0,1,0.9243630170822144,0.37950998544692993,0.039048001170158386,0,-0.3474780023097992,0.795216977596283,0.4968799948692322,0,0.15751899778842926,-0.4728659987449646,0.866940975189209,0,-4.283371925354004,6.561418056488037,0,1,0.9654340147972107,-0.2602030038833618,0.015231999568641186,0,0.25952500104904175,0.9650499820709229,0.036403998732566833,0,-0.024172000586986542,-0.031192999333143234,0.9992210268974304,0,0.07695499807596207,6.268155097961426,0,1,0.9834849834442139,0.18098300695419312,0.0013500000350177288,0,-0.18098300695419312,0.983485996723175,-0.00013899999612476677,0,-0.001353000057861209,-0.00010699999984353781,0.9999989867210388,0,-0.550940990447998,6.939408779144287,0,1,0.9747490286827087,0.07667800039052963,0.2097260057926178,0,-0.14003700017929077,0.9414669871330261,0.306643009185791,0,-0.17393699288368225,-0.32826900482177734,0.9284319877624512,0,0,12.977585792541504,0.11651500314474106,1,0.9999420046806335,-0.006957000121474266,-0.008173000067472458,0,0.009580000303685665,0.921845018863678,0.3874410092830658,0,0.004838999826461077,-0.3874970078468323,0.921858012676239,0,0.1787710040807724,8.56451416015625,0,1,0.9979069828987122,0.06463400274515152,-0.0022090000566095114,0,-0.06463400274515152,0.9979090094566345,0.00005900000178371556,0,0.002208000048995018,0.00008399999933317304,0.9999979734420776,0,-0.27309098839759827,7.210628986358643,0,1,0.007124000228941441,0.00042699999175965786,0.9999750256538391,0,-0.9810720086097717,-0.19351300597190857,0.007071999832987785,0,0.1935109943151474,-0.9810979962348938,-0.0009599999757483602,0,-9.35847282409668,12.159202575683594,0.09123899787664413,1,0.8133919835090637,-0.5097730159759521,-0.28022199869155884,0,0.5650699734687805,0.5779889822006226,0.5887489914894104,0,-0.1381630003452301,-0.6372290253639221,0.7581890225410461,0,0,19.471277236938477,0,1,0.2538900077342987,-0.9661459922790527,0.045837998390197754,0,0.9669889807701111,0.2524769902229309,-0.03445399925112724,0,0.02171500027179718,0.0530720017850399,0.998354971408844,0,0,26.03710174560547,0,1,0.4152730107307434,0.07000800222158432,0.9069989919662476,0,0.27396199107170105,0.9411219954490662,-0.19807599484920502,0,-0.867464005947113,0.33073899149894714,0.3716430068016052,0,0,20.349485397338867,0,1,0.7092090249061584,-0.5866519808769226,-0.3909739851951599,0,0.6595839858055115,0.7479649782180786,0.07414200156927109,0,0.24894000589847565,-0.31046199798583984,0.9174110293388367,0,4.891150951385498,6.377968788146973,0,1,0.9158130288124084,0.40119999647140503,-0.018000999465584755,0,-0.40026599168777466,0.9155009984970093,0.040564000606536865,0,0.03275400027632713,-0.029944000765681267,0.9990149736404419,0,0.09952899813652039,6.42924690246582,0,1,0.9979529976844788,-0.06394399702548981,0.00039400000241585076,0,0.06394399702548981,0.9979540109634399,0.000018999999156221747,0,-0.00039400000241585076,0.000006000000212225132,1,0,0.11032900214195251,6.764348983764648,0,1,0.9966049790382385,-0.08174599707126617,-0.009758000262081623,0,0.07434900104999542,0.8427799940109253,0.5330989956855774,0,-0.03535500168800354,-0.5320150256156921,0.8459969758987427,0,0,14.289042472839355,0.05890800058841705,1,0.9994850158691406,-0.03167999908328056,-0.005193999968469143,0,0.03181099891662598,0.955528974533081,0.293177992105484,0,-0.00432500010356307,-0.2931919991970062,0.9560440182685852,0,-0.0035019998904317617,8.26400375366211,0,1,0.9999809861183167,-0.006227999925613403,-0.000014999999621068127,0,0.006227999925613403,0.9999809861183167,0,0,0.000014999999621068127,0,1,0,0.015487000346183777,6.10585880279541,0,1,-0.839493989944458,-0.2725810110569,0.47005200386047363,0,0.4956490099430084,-0.02965099923312664,0.8680160045623779,0,-0.22266699373722076,0.9616760015487671,0.15999700129032135,0,7.173655986785889,-5.237892150878906,-2.7370901107788086,1,0.9358029961585999,0.35138198733329773,0.02835400030016899,0,0.15286999940872192,-0.3320159912109375,-0.9308040142059326,0,-0.317654013633728,0.8753830194473267,-0.36441799998283386,0,0,29.731739044189453,0,1,0.8046219944953918,-0.05615200102329254,-0.5911269783973694,0,0.42880699038505554,0.7435799837112427,0.513043999671936,0,0.41074100136756897,-0.66628497838974,0.6223790049552917,0,0,18.94415283203125,0,1,0.8633340001106262,0.28536099195480347,-0.41620200872421265,0,0.366115003824234,0.21342100203037262,0.9057660102844238,0,0.3472970128059387,-0.9343559741973877,0.0797789990901947,0,0,13.023898124694824,0,1,-0.9474120140075684,0.01869400031864643,-0.31946998834609985,0,-0.316771000623703,-0.19660300016403198,0.9279029965400696,0,-0.045462001115083694,0.980305016040802,0.19218599796295166,0,-7.173655986785889,-5.237892150878906,6.1348748207092285,1,0.9317970275878906,0.32710000872612,-0.1573520004749298,0,-0.1461009979248047,-0.05885300040245056,-0.9875169992446899,0,-0.33227699995040894,0.9431549906730652,-0.0070500001311302185,0,0,28.178977966308594,0,1,0.9847649931907654,-0.10057800263166428,0.141852006316185,0,-0.04924499988555908,0.6210520267486572,0.7822210192680359,0,-0.1667719930410385,-0.7772889733314514,0.6066370010375977,0,0,18.8565616607666,0,1,0.9257199764251709,-0.00002099999983329326,0.3782089948654175,0,-0.30882900953292847,0.5772240161895752,0.75593501329422,0,-0.21832700073719025,-0.8165860176086426,0.5343409776687622,0,0,12.844009399414062,0,1
