15.433,30,463,41
B0,mixamorig_Hips,-1,0.7464041113853455,0.031830113381147385,-0.6646057367324829,0,-0.06133517250418663,0.9978553056716919,-0.021190404891967773,0,0.6625099778175354,0.056509438902139664,0.7468119859695435,0,-55.00814437866211,55.92977523803711,-1.8228161334991455,1
B1,mixamorig_Spine,0,0.9673172235488892,0.05417966470122337,-0.24763359129428864,0,-0.024875406175851822,0.992402195930481,0.11964931339025497,0,0.2522778809070587,-0.1095609962940216,0.9613163471221924,0,0,9.4932861328125,0.3433850109577179,1
B2,mixamorig_Spine1,1,0.9981532096862793,-0.05131532996892929,-0.032419223338365555,0,0.05203600600361824,0.9983913898468018,0.02190258353948593,0,0.031253691762685776,-0.02355152927339077,0.9992232918739319,0,0,11.082728385925293,0,1
B3,mixamorig_Spine2,2,0.9981858134269714,-0.050902899354696274,-0.03206975758075714,0,0.05165965110063553,0.9983786940574646,0.023335739970207214,0,0.030841000378131866,-0.024952342733740807,0.9992020726203918,0,0,12.665992736816406,0,1
B4,mixamorig_Neck,3,0.9981443881988525,0.024378875270485878,-0.05574812740087509,0,-0.020272141322493553,0.9971028566360474,0.07306437939405441,0,0.05735519900918007,-0.07179948687553406,0.9957533478736877,0,0,14.249226570129395,0,1
B5,mixamorig_Head,4,0.8960031867027283,-0.16099373996257782,-0.4137810170650482,0,0.2805258631706238,0.927506148815155,0.2464534044265747,0,0.34402766823768616,-0.3369129002094269,0.8762770891189575,0,0,13.749778747558594,3.3100481033325195,1
B6,mixamorig_HeadTop_End,5,1,0,0,0,0,1,0,0,0,0,1,0,0,51.94164276123047,12.504149436950684,1
B7,mixamorig_LeftShoulder,3,-0.04623321443796158,-0.005973882041871548,-0.9988970160484314,0,0.9977691769599915,-0.04817337542772293,-0.04589180275797844,0,-0.04783875122666359,-0.9988204836845398,0.008191743865609169,0,9.700634002685547,12.084423065185547,0.060860998928546906,1
B8,mixamorig_LeftArm,7,0.662632405757904,0.41941213607788086,-0.6200359463691711,0,0.3699590861797333,0.536223828792572,0.7582388520240784,0,0.6507020592689514,-0.7322283983230591,0.20055633783340454,0,0,20.539703369140625,0,1
B9,mixamorig_LeftForeArm,8,0.6774267554283142,0.7341784834861755,-0.0029941925313323736,0,-0.7339670062065125,0.6771217584609985,-0.027032556012272835,0,-0.017895245924592018,0.020509840920567513,0.9996287226676941,0,0,24.589725494384766,0,1
B10,mixamorig_LeftHand,9,0.6830556988716125,0.16646166145801544,-0.7101460099220276,0,0.0692104697227478,0.9543996453285217,0.28988951444625854,0,0.7263048887252808,-0.24669845402240753,0.6405965685844421,0,0,20.371000289916992,0,1
B11,mixamorig_LeftHandThumb1,10,0.8648459911346436,0.501596987247467,-0.02101299911737442,0,-0.47877100110054016,0.8366379737854004,0.26611199975013733,0,0.15106165409088135,-0.22008565068244934,0.9637129902839661,0,-4.2833709716796875,6.561428070068359,-0.000003999999989900971,1
B12,mixamorig_LeftHandThumb2,11,0.9714279770851135,-0.2373269945383072,0.0017579999985173345,0,0.23695500195026398,0.9702720046043396,0.04924999922513962,0,-0.013394000008702278,-0.047426000237464905,0.9987850189208984,0,0.07697100192308426,6.26816987991333,0,1
B13,mixamorig_LeftHandThumb3,12,0.9897119998931885,0.14306199550628662,-0.0016959999920800328,0,-0.14302800595760345,0.9890459775924683,-0.036490343511104584,0,-0.0035429999697953463,0.036357998847961426,0.9993330240249634,0,-0.5509510040283203,6.9394049644470215,0,1
B14,mixamorig_LeftHandThumb4,13,1,0,0,0,0,1,0,0,0,0,1,0,0.47398099303245544,4.596223831176758,0,1
B15,mixamorig_LeftHandIndex1,10,0.997140109539032,0.06905189156532288,0.030705928802490234,0,-0.07399219274520874,0.8094747066497803,0.5823736786842346,0,0.01536876056343317,-0.5829799175262451,0.8122695684432983,0,0,12.977625846862793,0.11651399731636047,1
B16,mixamorig_LeftHandIndex2,15,0.9998547434806824,-0.016371002420783043,-0.00469275051727891,0,0.01677093654870987,0.8985528945922852,0.4385327398777008,0,-0.00296148587949574,-0.43854808807373047,0.8986971378326416,0,0.1787710040807724,8.564513206481934,0,1
B17,mixamorig_LeftHandIndex3,16,0.9954380989074707,0.09452240914106369,0.013000254519283772,0,-0.09303758293390274,0.9314029216766357,0.35189539194107056,0,0.021153844892978668,-0.35149937868118286,0.935947835445404,0,-0.2730900049209595,7.210628986358643,0,1
B18,mixamorig_LeftHandIndex4,17,1,0,0,0,0,1,0,0,0,0,1,0,0.09431900084018707,3.514772891998291,0,1
B19,mixamorig_RightShoulder,3,0.16514761745929718,-0.01858808845281601,0.986093282699585,0,-0.9678772687911987,-0.19522476196289062,0.1584174931049347,0,0.18956495821475983,-0.9805800318717957,-0.05023416131734848,0,-9.700634002685547,12.085683822631836,0.09570000320672989,1
B20,mixamorig_RightArm,19,0.11502018570899963,-0.8407219648361206,0.5278658866882324,0,0.47970065474510193,0.5124942660331726,0.7118486166000366,0,-0.8697448968887329,0.1711464524269104,0.46199020743370056,0,0,20.539703369140625,0,1
B21,mixamorig_RightForeArm,20,0.6636438369750977,-0.7468253374099731,0.0022365767508745193,0,0.7465665340423584,0.6633288264274597,-0.02843428961932659,0,0.019821248948574066,0.0205397866666317,0.9995917677879333,0,0,24.591583251953125,0,1
B22,mixamorig_RightHand,21,0.9112967252731323,0.0822039321064949,0.40321898460388184,0,-0.10995475947856903,0.9924326539039612,0.04626240208745003,0,-0.3961195945739746,-0.08646311610937119,0.9137604832649231,0,0,20.38556671142578,0,1
B23,mixamorig_RightHandThumb1,22,0.9475240111351013,-0.3073456883430481,-0.08795758336782455,0,0.31691300868988037,0.9392060041427612,0.13212968409061432,0,0.04200123995542526,-0.1530713140964508,0.9873223304748535,0,4.891149997711182,6.377968788146973,0.000003999999989900971,1
B24,mixamorig_RightHandThumb2,23,0.9129427075386047,0.33026161789894104,-0.23971424996852875,0,-0.3290882706642151,0.943172037601471,0.046118658035993576,0,0.24132324755191803,0.03678329288959503,0.9697476625442505,0,0.09950800240039825,6.42925500869751,0,1
B25,mixamorig_RightHandThumb3,24,0.9982720017433167,-0.058713000267744064,0.0023109999019652605,0,0.058758001774549484,0.9973670244216919,-0.042493999004364014,0,0.0001900000061141327,0.042555999010801315,0.9990940093994141,0,0.11033999919891357,6.764342784881592,0,1
B26,mixamorig_RightHandThumb4,25,1,0,0,0,0,1,0,0,0,0,1,0,-0.20984800159931183,4.398653984069824,0,1
B27,mixamorig_RightHandIndex1,22,0.9999420046806335,-0.00812534149736166,0.007031000219285488,0,0.007155000232160091,0.9916926622390747,0.12843044102191925,0,-0.00801599957048893,-0.12837278842926025,0.9916933178901672,0,0,14.289082527160645,0.05890699848532677,1
B28,mixamorig_RightHandIndex2,27,1,-0.00006168329127831385,0.000048999998398358,0,0.00005934164801146835,0.998802661895752,0.04891388118267059,0,-0.00005199999941396527,-0.04891388118267059,0.998802661895752,0,-0.0035019998904317617,8.26400375366211,0,1
B29,mixamorig_RightHandIndex3,28,0.999783992767334,-0.02063734084367752,-0.0026123416610062122,0,0.020672999322414398,0.9717586636543274,0.23506905138492584,0,-0.0023129999171942472,-0.23507238924503326,0.9719753265380859,0,0.01548600010573864,6.10585880279541,0,1
B30,mixamorig_RightHandIndex4,29,1,0,0,0,0,1,0,0,0,0,1,0,-0.011983999982476234,3.2525739669799805,0,1
B31,mixamorig_LeftUpLeg,0,-0.9355690479278564,-0.3523445427417755,0.022355465218424797,0,0.3120405375957489,-0.7956013679504395,0.51923006772995,0,-0.16515743732452393,0.4927561283111572,0.8543416261672974,0,7.257933139801025,-5.273186206817627,-2.114583969116211,1
B32,mixamorig_LeftLeg,31,0.9465762376785278,-0.059275150299072266,0.3169591426849365,0,0.29071474075317383,0.582068145275116,-0.7590901851654053,0,-0.13953199982643127,0.810682475566864,0.5681986808776855,0,0,29.621858596801758,0,1
B33,mixamorig_LeftFoot,32,0.7048577070236206,0.055333733558654785,-0.7070417404174805,0,0.5488942861557007,0.5887357592582703,0.593167245388031,0,0.4492902159690857,-0.8062520027160645,0.3846255838871002,0,0,18.553098678588867,0,1
B34,mixamorig_LeftToeBase,33,0.9172435998916626,0.0033768336288630962,-0.3983129560947418,0,0.3217761814594269,0.5831288695335388,0.7459364533424377,0,0.23478706181049347,-0.8123725652694702,0.5337845087051392,0,0,13.033435821533203,0,1
B35,mixamorig_LeftToe_End,34,1,0,0,0,0,1,0,0,0,0,1,0,0,5.268302917480469,0,1
B36,mixamorig_RightUpLeg,0,-0.9784656167030334,0.19738078117370605,0.05826077610254288,0,-0.20452885329723358,-0.9641211628913879,-0.16832108795642853,0,0.023079227656126022,-0.17664310336112976,0.9839708209037781,0,-7.257933139801025,-5.273186206817627,6.093637943267822,1
B37,mixamorig_RightLeg,36,0.9611624479293823,0.27569565176963806,-0.0030257718171924353,0,-0.20595648884773254,0.7119415998458862,-0.6707215309143066,0,-0.18281835317611694,0.6452614068984985,0.7410941123962402,0,0,28.28788948059082,0,1
B38,mixamorig_RightFoot,37,0.9850472211837769,-0.13785675168037415,-0.10333129018545151,0,0.11916876584291458,0.11214029788970947,0.9864112138748169,0,-0.12440305203199387,-0.9839752912521362,0.12689220905303955,0,0,18.484560012817383,0,1
B39,mixamorig_RightToeBase,38,0.9259283542633057,-0.013145972974598408,0.37746885418891907,0,-0.30680403113365173,0.5567074418067932,0.771976113319397,0,-0.2202887386083603,-0.8306035995483398,0.5114384889602661,0,0,12.827351570129395,9.999999974752427e-7,1
B40,mixamorig_RightToe_End,39,1,0,0,0,0,1,0,0,0,0,1,0,0,5.283959865570068,0,1
@34,0,1,2,3,4,5,7,8,9,10,11,12,13,15,16,17,19,20,21,22,23,24,25,27,28,29,31,32,33,34,36,37,38,39
K0.000,0.9830690026283264,-0.05192999914288521,0.17572300136089325,0,0.051291000097990036,0.9986500144004822,0.008178000338375568,0,-0.17590999603271484,0.0009740000241436064,0.9844059944152832,0,0.18565000593662262,61.148223876953125,-1.9837030172348022,1,0.9978659749031067,0.053759001195430756,-0.03706600144505501,0,-0.049917999655008316,0.993960976600647,0.09772399812936783,0,0.04209600016474724,-0.09566500037908554,0.9945229887962341,0,0,9.4932861328125,0.3433850109577179,1,0.9995650053024292,-0.029232999309897423,-0.00395999988541007,0,0.029133999720215797,0.9993100166320801,-0.02303599938750267,0,0.004631000105291605,0.022910000756382942,0.9997270107269287,0,0,11.082728385925293,0,1,0.9995610117912292,-0.029357999563217163,-0.0039090001955628395,0,0.029261000454425812,0.9993100166320801,-0.022885000333189964,0,0.0045779999345541,0.022760000079870224,0.9997299909591675,0,0,12.665992736816406,0,1,0.9978979825973511,0.06382499635219574,0.011215000413358212,0,-0.06278800219297409,0.9951019883155823,-0.07634899765253067,0,-0.016032999381422997,0.07548400014638901,0.9970179796218872,0,0,14.249226570129395,0,1,0.9861069917678833,0.16502200067043304,0.018998999148607254,0,-0.1651100069284439,0.986270010471344,0.0031709999311715364,0,-0.018214000388979912,-0.006264000199735165,0.999813973903656,0,0,13.749778747558594,3.3100481033325195,1,0.13054299354553223,0.028929000720381737,-0.9910200238227844,0,0.9909899830818176,-0.033998001366853714,0.12954699993133545,0,-0.029944999143481255,-0.999002993106842,-0.03310700133442879,0,9.700634002685547,12.084423065185547,0.060860998928546906,1,0.22698600590229034,0.9616929888725281,-0.1537020057439804,0,-0.9727590084075928,0.2162500023841858,-0.08352100104093552,0,-0.04708300158381462,0.1684730052947998,0.9845809936523438,0,0,20.539703369140625,0,1,0.997734010219574,0.06671000272035599,0.00880299974232912,0,-0.06669099628925323,0.9977710247039795,-0.0024560000747442245,0,-0.008946999907493591,0.001863999990746379,0.9999579787254333,0,0,24.589725494384766,0,1,0.9849650263786316,-0.004511999897658825,-0.17269299924373627,0,-0.04737799987196922,0.9542750120162964,-0.2951529920101166,0,0.1661279946565628,0.29889699816703796,0.9397140145301819,0,0,20.371000289916992,0,1,0.8648459911346436,0.501596987247467,-0.02101299911737442,0,-0.47877100110054016,0.8366379737854004,0.26611199975013733,0,0.15106099843978882,-0.2200849950313568,0.9637129902839661,0,-4.2833709716796875,6.561428070068359,-0.000003999999989900971,1,0.9714279770851135,-0.2373269945383072,0.0017579999985173345,0,0.23695500195026398,0.9702720046043396,0.04924999922513962,0,-0.013394000008702278,-0.047426000237464905,0.9987850189208984,0,0.07697100192308426,6.26816987991333,0,1,0.9897119998931885,0.14306199550628662,-0.0016959999920800328,0,-0.14302800595760345,0.9890459775924683,-0.036490000784397125,0,-0.0035429999697953463,0.036357998847961426,0.9993330240249634,0,-0.5509510040283203,6.9394049644470215,0,1,0.9994360208511353,0.03313000127673149,0.005526000168174505,0,-0.03358199819922447,0.9886469841003418,0.14645600318908691,0,-0.000610999995842576,-0.1465590000152588,0.9892020225524902,0,0,12.977625846862793,0.11651399731636047,1,0.9988719820976257,-0.047471001744270325,-0.0010229999898001552,0,0.047228001058101654,0.9910749793052673,0.12466099858283997,0,-0.004904000088572502,-0.12456899881362915,0.9921990036964417,0,0.1787710040807724,8.564513206481934,0,1,0.9966580271720886,0.08155400305986404,0.0047079999931156635,0,-0.08091600239276886,0.9776520133018494,0.19403600692749023,0,0.011222000233829021,-0.19376899302005768,0.9809830188751221,0,-0.2730900049209595,7.210628986358643,0,1,0.618831992149353,-0.04337399825453758,0.7843250036239624,0,-0.7661179900169373,-0.2538909912109375,0.5904260277748108,0,0.17352400720119476,-0.9662600159645081,-0.19034500420093536,0,-9.700634002685547,12.085683822631836,0.09570000320672989,1,0.6870020031929016,-0.6800330281257629,0.2560940086841583,0,0.724062979221344,0.6703720092773438,-0.1622759997844696,0,-0.06132499873638153,0.2969129979610443,0.9529330134391785,0,0,20.539703369140625,0,1,0.9725900292396545,-0.23233099281787872,-0.009530999697744846,0,0.23225000500679016,0.9726160168647766,-0.008844999596476555,0,0.01132499985396862,0.006388999987393618,0.9999150037765503,0,0,24.591583251953125,0,1,0.9121879935264587,0.3721120059490204,0.1715950071811676,0,-0.111565001308918,0.6284700036048889,-0.7697910070419312,0,-0.3942910134792328,0.6830499768257141,0.6147980093955994,0,0,20.38556671142578,0,1,0.9295750260353088,-0.34526899456977844,0.12914800643920898,0,0.3221690058708191,0.9311869740486145,0.17058299481868744,0,-0.17915800213813782,-0.1169620007276535,0.976842999458313,0,4.891149997711182,6.377968788146973,0.000003999999989900971,1,0.9870749711990356,0.16025300323963165,0.0010679999832063913,0,-0.16002200543880463,0.9852439761161804,0.060722000896930695,0,0.008678999729454517,-0.0601079985499382,0.9981539845466614,0,0.09950800240039825,6.42925500869751,0,1,0.9982720017433167,-0.058713000267744064,0.0023109999019652605,0,0.058758001774549484,0.9973670244216919,-0.042493999004364014,0,0.0001900000061141327,0.0425570011138916,0.9990940093994141,0,0.11033999919891357,6.764342784881592,0,1,0.9999639987945557,-0.00419399980455637,0.007439999841153622,0,0.0037040000315755606,0.9978970289230347,0.06471499800682068,0,-0.007695999927818775,-0.06468500196933746,0.997875988483429,0,0,14.289082527160645,0.05890699848532677,1,0.9999780058860779,-0.006593999918550253,-0.0003490000090096146,0,0.006568999961018562,0.9880099892616272,0.1542530059814453,0,-0.0006719999946653843,-0.15425099432468414,0.9880310297012329,0,-0.0035019998904317617,8.26400375366211,0,1,0.9998859763145447,-0.01507600024342537,-0.0011889999732375145,0,0.01508999988436699,0.989471971988678,0.1439339965581894,0,-0.000994000001810491,-0.14393499493598938,0.9895870089530945,0,0.01548600010573864,6.10585880279541,0,1,-0.8932250142097473,-0.3027549982070923,0.332397997379303,0,0.37263399362564087,-0.9121779799461365,0.17051799595355988,0,0.25158101320266724,0.2761729955673218,0.9275969862937927,0,7.257933139801025,-5.273186206817627,-2.114583969116211,1,0.8579999804496765,0.07722499966621399,0.5078110098838806,0,0.28018298745155334,0.7582359910011292,-0.5887069702148438,0,-0.4305039942264557,0.6473900079727173,0.6289290189743042,0,0,29.621858596801758,0,1,0.8807640075683594,-0.018897000700235367,-0.47317901253700256,0,0.4132309854030609,0.5186929702758789,0.7484639883041382,0,0.2312909960746765,-0.8547520041465759,0.4646550118923187,0,0,18.553098678588867,0,1,0.9165300130844116,0.009221999906003475,-0.3998590111732483,0,0.3221080005168915,0.5756369829177856,0.7515910267829895,0,0.23710399866104126,-0.8176530003547668,0.5246180295944214,0,0,13.033435821533203,0,1,-0.9574959874153137,0.2599790096282959,-0.12494999915361404,0,-0.2629469931125641,-0.9647799730300903,0.007586000021547079,0,-0.1185770034790039,0.04011800140142441,0.9921339750289917,0,-7.257933139801025,-5.273186206817627,6.093637943267822,1,0.9699779748916626,0.20751099288463593,-0.12681299448013306,0,-0.23208899796009064,0.9456390142440796,-0.2278210073709488,0,0.07264400273561478,0.2504130005836487,0.9654099941253662,0,0,28.28788948059082,0,1,0.9443640112876892,0.10604699701070786,0.3113369941711426,0,-0.2899320125579834,0.7153519988059998,0.6357759833335876,0,-0.1552940011024475,-0.6906700134277344,0.7062990069389343,0,0,18.484560012817383,0,1,0.9187650084495544,-0.03310900181531906,0.39341500401496887,0,-0.3062790036201477,0.5690190196037292,0.7631589770317078,0,-0.24912799894809723,-0.8216580152511597,0.5126540064811707,0,0,12.827351570129395,0,1
K0.033,0.9745908975601196,-0.05658596754074097,0.21672441065311432,0,0.0630810409784317,0.9977390170097351,-0.02316722832620144,0,-0.2149243950843811,0.03624925762414932,0.9759578704833984,0,0.4220040440559387,60.87567901611328,-1.8959310054779053,1,0.9971920251846313,0.06663806736469269,-0.034175973385572433,0,-0.06190706416964531,0.9902799725532532,0.12455210834741592,0,0.042143989354372025,-0.12208611518144608,0.9916239976882935,0,0,9.4932861328125,0.3433850109577179,1,0.9994300007820129,-0.033555012196302414,-0.0036419990938156843,0,0.033458009362220764,0.9991539716720581,-0.023913947865366936,0,0.00444099772721529,0.023777948692440987,0.9997069835662842,0,0,11.082728385925293,0,1,0.999426007270813,-0.033690012991428375,-0.003503998275846243,0,0.03359800949692726,0.9991530179977417,-0.023739947006106377,0,0.0042999968864023685,0.023608947172760963,0.9997119903564453,0,0,12.665992736816406,0,1,0.9979689717292786,0.06341394782066345,0.005979953333735466,0,-0.06297694891691208,0.9964159727096558,-0.05647292733192444,0,-0.009539945982396603,0.055980928242206573,0.998386025428772,0,0,14.249226570129395,0,1,0.9869810342788696,0.1606767326593399,-0.0071192248724401,0,-0.1605907380580902,0.9869560599327087,0.011347128078341484,0,0.008849237114191055,-0.010057100094854832,0.9999099969863892,0,0,13.749778747558594,3.3100481033325195,1,0.11653171479701996,0.02610693871974945,-0.9928440451622009,0,0.9926779866218567,-0.035045113414525986,0.11559071391820908,0,-0.031776126474142075,-0.9990450143814087,-0.02999993972480297,0,9.700634002685547,12.084423065185547,0.060860998928546906,1,0.2286739945411682,0.9633659720420837,-0.14011897146701813,0,-0.9728819727897644,0.22100801765918732,-0.06823691725730896,0,-0.0347699299454689,0.15192294120788574,0.9877809882164001,0,0,20.539703369140625,0,1,0.9981570243835449,0.06003294512629509,0.008817999623715878,0,-0.06001594290137291,0.9981949925422668,-0.002209997968748212,0,-0.008934999816119671,0.001676998334005475,0.9999589920043945,0,0,24.589725494384766,0,1,0.9846100211143494,-0.01337902620434761,-0.17425404489040375,0,-0.03811197355389595,0.9566299915313721,-0.288799911737442,0,0.1705610454082489,0.2909969091415405,0.941398024559021,0,0,20.371000289916992,0,1,0.8648459911346436,0.501596987247467,-0.02101299911737442,0,-0.47877100110054016,0.8366379737854004,0.26611199975013733,0,0.15106099843978882,-0.2200849950313568,0.9637129902839661,0,-4.2833709716796875,6.561428070068359,-0.000003999999989900971,1,0.9714279770851135,-0.2373259961605072,0.0017579999985173345,0,0.23695500195026398,0.9702720046043396,0.04924999922513962,0,-0.013394000008702278,-0.047426000237464905,0.9987850189208984,0,0.07697100192308426,6.26816987991333,0,1,0.9897119998931885,0.14306199550628662,-0.0016959999920800328,0,-0.14302800595760345,0.9890459775924683,-0.03649099916219711,0,-0.0035429999697953463,0.036357998847961426,0.9993330240249634,0,-0.5509510040283203,6.9394049644470215,0,1,0.9994480013847351,0.0327720008790493,0.005386999808251858,0,-0.033204998821020126,0.9892560243606567,0.1423729956150055,0,-0.0006630000425502658,-0.1424739956855774,0.9897980093955994,0,0,12.977625846862793,0.11651399731636047,1,0.9988620281219482,-0.04768899828195572,-0.000958999851718545,0,0.04744800180196762,0.9913579821586609,0.12230199575424194,0,-0.004881999921053648,-0.12220799177885056,0.9924929738044739,0,0.1787710040807724,8.564513206481934,0,1,0.9966660141944885,0.08145599812269211,0.004656000062823296,0,-0.08082199841737747,0.9778900146484375,0.19287100434303284,0,0.011157999746501446,-0.19260400533676147,0.9812129735946655,0,-0.2730900049209595,7.210628986358643,0,1,0.6193739175796509,-0.04332699626684189,0.7839000821113586,0,-0.7656790614128113,-0.2540239989757538,0.5909369587898254,0,0.17352601885795593,-0.9662269949913025,-0.19050998985767365,0,-9.700634002685547,12.085683822631836,0.09570000320672989,1,0.6694547533988953,-0.7055792212486267,0.23235392570495605,0,0.7410112619400024,0.6562958359718323,-0.14204880595207214,0,-0.052266012877225876,0.26727184653282166,0.9622030854225159,0,0,20.539703369140625,0,1,0.9730420112609863,-0.23043192923069,-0.009548000991344452,0,0.23035192489624023,0.9730679988861084,-0.008772997185587883,0,0.011311999522149563,0.0063369981944561005,0.9999160170555115,0,0,24.591583251953125,0,1,0.9168509840965271,0.3546539545059204,0.18331605195999146,0,-0.10282197594642639,0.6534560918807983,-0.7499488592147827,0,-0.38576096296310425,0.6687429547309875,0.6355881094932556,0,0,20.38556671142578,0,1,0.9295750260353088,-0.3452700078487396,0.12914800643920898,0,0.3221690058708191,0.9311869740486145,0.17058199644088745,0,-0.17915800213813782,-0.1169620007276535,0.976842999458313,0,4.891149997711182,6.377968788146973,0.000003999999989900971,1,0.9870749711990356,0.16025400161743164,0.0010679999832063913,0,-0.16002200543880463,0.9852439761161804,0.060722000896930695,0,0.008678999729454517,-0.0601079985499382,0.9981539845466614,0,0.09950800240039825,6.42925500869751,0,1,0.9982720017433167,-0.058713000267744064,0.0023109999019652605,0,0.058758001774549484,0.9973670244216919,-0.042493999004364014,0,0.0001900000061141327,0.0425570011138916,0.9990940093994141,0,0.11033999919891357,6.764342784881592,0,1,0.9999629855155945,-0.0043600029312074184,0.0074280002154409885,0,0.003850002307444811,0.9977189898490906,0.06739804148674011,0,-0.007705000229179859,-0.06736704707145691,0.9976990222930908,0,0,14.289082527160645,0.05890699848532677,1,0.9999780058860779,-0.006627002265304327,-0.0003530002722982317,0,0.006602002307772636,0.9879270195960999,0.1547820270061493,0,-0.0006770003237761557,-0.1547810286283493,0.987949013710022,0,-0.0035019998904317617,8.26400375366211,0,1,0.9998850226402283,-0.015092001296579838,-0.0011920002289116383,0,0.015106000937521458,0.9894329905509949,0.14419801533222198,0,-0.0009970002574846148,-0.14420001208782196,0.9895480275154114,0,0.01548600010573864,6.10585880279541,0,1,-0.8892269134521484,-0.3237060606479645,0.32324907183647156,0,0.38225600123405457,-0.9139470458030701,0.13631169497966766,0,0.2513071596622467,0.24477574229240417,0.9364449977874756,0,7.257933139801025,-5.273186206817627,-2.114583969116211,1,0.8604980707168579,0.08972710371017456,0.5014908909797668,0,0.28800898790359497,0.726294755935669,-0.624137282371521,0,-0.4202319085597992,0.6815022230148315,0.599132776260376,0,0,29.621858596801758,0,1,0.887700080871582,-0.02341306582093239,-0.4598258435726166,0,0.4138399660587311,0.47830867767333984,0.7745692133903503,0,0.20180372893810272,-0.8778792023658752,0.4342847764492035,0,0,18.553098678588867,0,1,0.9164469838142395,0.009896001778542995,-0.40003299713134766,0,0.32214799523353577,0.5747699737548828,0.752236008644104,0,0.23737099766731262,-0.8182550072669983,0.5235589742660522,0,0,13.033435821533203,0,1,-0.9602239727973938,0.26320600509643555,-0.0932350754737854,0,-0.26407596468925476,-0.9644970297813416,-0.003104036208242178,0,-0.0907420814037323,0.021639984101057053,0.9956390261650085,0,-7.257933139801025,-5.273186206817627,6.093637943267822,1,0.971123993396759,0.2256041020154953,-0.0775914192199707,0,-0.23797093331813812,0.9391079545021057,-0.24788226187229156,0,0.016943367198109627,0.25918811559677124,0.9656779170036316,0,0,28.28788948059082,0,1,0.9529460668563843,0.09995157271623611,0.2861868143081665,0,-0.26819857954978943,0.7180129885673523,0.6422821283340454,0,-0.1412881314754486,-0.6888150572776794,0.7110349535942078,0,0,18.484560012817383,0,1,0.9182510375976562,-0.03754797205328941,0.3942148983478546,0,-0.3063940107822418,0.5633026957511902,0.7673411965370178,0,-0.2508748173713684,-0.8253961801528931,0.5057497620582581,0,0,12.827351570129395,0,1
K0.067,0.9647561311721802,-0.05321503430604935,0.2577095925807953,0,0.06728295236825943,0.9966700077056885,-0.04607277363538742,0,-0.2543996274471283,0.06178874522447586,0.9651231169700623,0,0.6266449689865112,60.60578536987305,-1.7963249683380127,1,0.9968270063400269,0.07307293266057968,-0.03154802694916725,0,-0.06815794110298157,0.9883919954299927,0.13577689230442047,0,0.04110401123762131,-0.1331958919763565,0.9902369976043701,0,0,9.4932861328125,0.3433850109577179,1,0.9993870258331299,-0.03482598811388016,-0.003551000962033868,0,0.0347529873251915,0.9992200136184692,-0.018740052357316017,0,0.0042010024189949036,0.018605051562190056,0.9998180270195007,0,0,11.082728385925293,0,1,0.9993839859962463,-0.03493998944759369,-0.0033400016836822033,0,0.03487299010157585,0.9992190003395081,-0.01856205239892006,0,0.003986003343015909,0.018434051424264908,0.9998220205307007,0,0,12.665992736816406,0,1,0.9983109831809998,0.058073051273822784,0.0013120464282110333,0,-0.05793904885649681,0.9971100091934204,-0.04913007467985153,0,-0.004161053337156773,0.04897107183933258,0.9987919926643372,0,0,14.249226570129395,0,1,0.9904959201812744,0.13431726396083832,-0.029603775590658188,0,-0.13362526893615723,0.9907359480857849,0.024227870628237724,0,0.03258376568555832,-0.020041901618242264,0.9992679953575134,0,0,13.749778747558594,3.3100481033325195,1,0.0883822813630104,0.02000006102025509,-0.995885968208313,0,0.9950990080833435,-0.046284887939691544,0.08738328516483307,0,-0.044346872717142105,-0.9987279772758484,-0.023993059992790222,0,9.700634002685547,12.084423065185547,0.060860998928546906,1,0.2283480018377304,0.9639589786529541,-0.13652703166007996,0,-0.9731889963150024,0.222027987241745,-0.06005408242344856,0,-0.027577070519328117,0.1465790569782257,0.9888139963150024,0,0,20.539703369140625,0,1,0.9984859824180603,0.05428605526685715,0.008830999955534935,0,-0.05427105724811554,0.998524010181427,-0.001999002182856202,0,-0.008926000446081161,0.001517001655884087,0.9999589920043945,0,0,24.589725494384766,0,1,0.9838169813156128,-0.01602797396481037,-0.178460955619812,0,-0.03540602698922157,0.9589639902114868,-0.2813090682029724,0,0.17564596235752106,0.28307509422302246,0.9428769946098328,0,0,20.371000289916992,0,1,0.8648459911346436,0.501596987247467,-0.02101299911737442,0,-0.47877100110054016,0.8366379737854004,0.26611199975013733,0,0.15106099843978882,-0.2200849950313568,0.9637129902839661,0,-4.2833709716796875,6.561428070068359,-0.000003999999989900971,1,0.9714279770851135,-0.2373259961605072,0.0017579999985173345,0,0.23695500195026398,0.9702720046043396,0.04924999922513962,0,-0.013394000008702278,-0.047426000237464905,0.9987850189208984,0,0.07697100192308426,6.26816987991333,0,1,0.9897119998931885,0.14306199550628662,-0.0016959999920800328,0,-0.14302800595760345,0.9890459775924683,-0.03649099916219711,0,-0.0035429999697953463,0.036357998847961426,0.9993330240249634,0,-0.5509510040283203,6.9394049644470215,0,1,0.9994500279426575,0.032719001173973083,0.005365999881178141,0,-0.03314900025725365,0.989342987537384,0.14177900552749634,0,-0.0006699999212287366,-0.14187900722026825,0.9898840188980103,0,0,12.977625846862793,0.11651399731636047,1,0.9988589882850647,-0.04775800183415413,-0.0009390001650899649,0,0.04751800000667572,0.9914469718933105,0.1215520054101944,0,-0.004873999860137701,-0.1214580088853836,0.9925850033760071,0,0.1787710040807724,8.564513206481934,0,1,0.9966689944267273,0.08142399787902832,0.004639000166207552,0,-0.08079200237989426,0.9779649972915649,0.1925009936094284,0,0.011137000285089016,-0.19223399460315704,0.9812859892845154,0,-0.2730900049209595,7.210628986358643,0,1,0.6116570830345154,-0.04295600205659866,0.7899559140205383,0,-0.77143794298172,-0.25374698638916016,0.5835200548171997,0,0.17538298666477203,-0.9663159847259521,-0.18834401667118073,0,-9.700634002685547,12.085683822631836,0.09570000320672989,1,0.64515221118927,-0.7301217913627625,0.22516708076000214,0,0.7621867656707764,0.6355862021446228,-0.12289119511842728,0,-0.05338798835873604,0.2509031593799591,0.9665389657020569,0,0,20.539703369140625,0,1,0.9747899770736694,-0.2229170799255371,-0.009613999165594578,0,0.2228400707244873,0.9748179912567139,-0.008487002924084663,0,0.01126400101929903,0.006130001973360777,0.9999179840087891,0,0,24.591583251953125,0,1,0.9181950092315674,0.34876906871795654,0.1878269612789154,0,-0.10085902363061905,0.6643608808517456,-0.7405751347541809,0,-0.3830750286579132,0.6610480546951294,0.6451888680458069,0,0,20.38556671142578,0,1,0.9295750260353088,-0.34526899456977844,0.12914800643920898,0,0.3221690058708191,0.9311869740486145,0.17058199644088745,0,-0.17915800213813782,-0.1169620007276535,0.976842999458313,0,4.891149997711182,6.377968788146973,0.000003999999989900971,1,0.9870749711990356,0.16025400161743164,0.0010679999832063913,0,-0.16002200543880463,0.9852439761161804,0.060722000896930695,0,0.008678999729454517,-0.0601079985499382,0.9981539845466614,0,0.09950800240039825,6.42925500869751,0,1,0.9982720017433167,-0.058713000267744064,0.0023109999019652605,0,0.058758001774549484,0.9973670244216919,-0.042493999004364014,0,0.0001900000061141327,0.042555999010801315,0.9990940093994141,0,0.11033999919891357,6.764342784881592,0,1,0.9999619722366333,-0.004622997250407934,0.007408000063151121,0,0.004080997779965401,0.9974200129508972,0.07167195528745651,0,-0.007720000110566616,-0.07163895666599274,0.9974009990692139,0,0,14.289082527160645,0.05890699848532677,1,0.9999759793281555,-0.006845997646450996,-0.00037799973506480455,0,0.006818997673690319,0.9873679876327515,0.15829497575759888,0,-0.0007099996437318623,-0.1582939773797989,0.987392008304596,0,-0.0035019998904317617,8.26400375366211,0,1,0.9998840093612671,-0.015199999324977398,-0.0012149998219683766,0,0.015213998965919018,0.9891740083694458,0.14595898985862732,0,-0.0010169997112825513,-0.1459599882364273,0.9892899990081787,0,0.01548600010573864,6.10585880279541,0,1,-0.8850690722465515,-0.3302779495716095,0.32797694206237793,0,0.38200899958610535,-0.9180099368095398,0.1064302995800972,0,0.26593485474586487,0.2194882482290268,0.9386709928512573,0,7.257933139801025,-5.273186206817627,-2.114583969116211,1,0.8647839426994324,0.10018589347600937,0.49204909801483154,0,0.28932198882102966,0.7014832496643066,-0.6513167023658752,0,-0.4104170799255371,0.7056087851524353,0.5776462554931641,0,0,29.621858596801758,0,1,0.894413948059082,-0.029888935387134552,-0.4462411403656006,0,0.4117850363254547,0.44438132643699646,0.7955867648124695,0,0.174522265791893,-0.8953388333320618,0.4097682237625122,0,0,18.553098678588867,0,1,0.9164209961891174,0.01010699849575758,-0.40008699893951416,0,0.3221609890460968,0.5744979977607727,0.752439022064209,0,0.23745499551296234,-0.818444013595581,0.5232260227203369,0,0,13.033435821533203,0,1,-0.9598559737205505,0.26183000206947327,-0.10060792416334152,0,-0.2625020444393158,-0.9649080038070679,-0.006738963536918163,0,-0.09884192049503326,0.019942017272114754,0.994903028011322,0,-7.257933139801025,-5.273186206817627,6.093637943267822,1,0.9715840220451355,0.23588789999485016,-0.01953957788646221,0,-0.2320970594882965,0.9332630634307861,-0.2741377353668213,0,-0.04642936959862709,0.27088287472724915,0.9614920616149902,0,0,28.28788948059082,0,1,0.9616459608078003,0.05763842165470123,0.268168181180954,0,-0.2263094186782837,0.7191460132598877,0.6569728851318359,0,-0.15498486161231995,-0.6924649477005005,0.7046080827713013,0,0,18.484560012817383,0,1,0.9225749373435974,-0.034505028277635574,0.38427209854125977,0,-0.3075309991836548,0.5356742739677429,0.7864338159561157,0,-0.2329801768064499,-0.8437198400497437,0.48358821868896484,0,0,12.827351570129395,0,1
K0.100,0.9605100154876709,-0.04295000061392784,0.27491000294685364,0,0.06246599927544594,0.9960799813270569,-0.06263100355863571,0,-0.27114200592041016,0.07733000069856644,0.9594280123710632,0,0.68715500831604,60.24179458618164,-1.7038079500198364,1,0.9968990087509155,0.07273499667644501,-0.03001900017261505,0,-0.06801699846982956,0.9883700013160706,0.136011004447937,0,0.03956200182437897,-0.13354699313640594,0.9902520179748535,0,0,9.4932861328125,0.3433850109577179,1,0.9994950294494629,-0.031564000993967056,-0.003599999938160181,0,0.03151300176978111,0.9994140267372131,-0.013396999798715115,0,0.004021000117063522,0.013276999816298485,0.9999039769172668,0,0,11.082728385925293,0,1,0.9994930028915405,-0.0316540002822876,-0.003379999892786145,0,0.031605999916791916,0.999413013458252,-0.013237999752163887,0,0.003797000041231513,0.013124999590218067,0.9999070167541504,0,0,12.665992736816406,0,1,0.9990329742431641,0.043942999094724655,-0.001433999859727919,0,-0.043963998556137085,0.998104989528656,-0.04304699972271919,0,-0.00046000018483027816,0.04306799918413162,0.9990720152854919,0,0,14.249226570129395,0,1,0.9953629970550537,0.08824600279331207,-0.038286998867988586,0,-0.08719000220298767,0.9957860112190247,0.028429999947547913,0,0.040633998811244965,-0.024960000067949295,0.9988620281219482,0,0,13.749778747558594,3.3100481033325195,1,0.07327800244092941,0.01759600080549717,-0.997156023979187,0,0.995311975479126,-0.06457500159740448,0.07200299948453903,0,-0.06312400102615356,-0.9977579712867737,-0.022244999185204506,0,9.700634002685547,12.084423065185547,0.060860998928546906,1,0.23215800523757935,0.9625579714775085,-0.13994699716567993,0,-0.9724169969558716,0.2263440042734146,-0.05634000152349472,0,-0.022554999217391014,0.14916600286960602,0.9885550141334534,0,0,20.539703369140625,0,1,0.998665988445282,0.05086600035429001,0.008836999535560608,0,-0.05085200071334839,0.9987040162086487,-0.0018729999428614974,0,-0.008921000175178051,0.001420999993570149,0.9999589920043945,0,0,24.589725494384766,0,1,0.982712984085083,-0.016150999814271927,-0.18443100154399872,0,-0.03549899905920029,0.9612650275230408,-0.2733300030231476,0,0.18170100450515747,0.2751519978046417,0.9440739750862122,0,0,20.371000289916992,0,1,0.8648459911346436,0.501596987247467,-0.02101299911737442,0,-0.47877100110054016,0.8366379737854004,0.26611199975013733,0,0.15106099843978882,-0.2200849950313568,0.9637129902839661,0,-4.2833709716796875,6.561428070068359,-0.000003999999989900971,1,0.9714279770851135,-0.2373269945383072,0.0017579999985173345,0,0.23695500195026398,0.9702720046043396,0.04924999922513962,0,-0.013394000008702278,-0.047426000237464905,0.9987850189208984,0,0.07697100192308426,6.26816987991333,0,1,0.9897119998931885,0.14306199550628662,-0.0016959999920800328,0,-0.14302800595760345,0.9890459775924683,-0.03649099916219711,0,-0.0035429999697953463,0.036357998847961426,0.9993330240249634,0,-0.5509510040283203,6.9394049644470215,0,1,0.9994400143623352,0.032997000962495804,0.00547399977222085,0,-0.03344200178980827,0.9888759851455688,0.1449359953403473,0,-0.0006309999735094607,-0.14503799378871918,0.9894260168075562,0,0,12.977625846862793,0.11651399731636047,1,0.9988639950752258,-0.04764699935913086,-0.0009710000013001263,0,0.04740599915385246,0.9913039803504944,0.12275200337171555,0,-0.0048859999515116215,-0.12265899777412415,0.9924370050430298,0,0.1787710040807724,8.564513206481934,0,1,0.9966639876365662,0.08147499710321426,0.004666000138968229,0,-0.08083999902009964,0.9778439998626709,0.19309400022029877,0,0.011169999837875366,-0.1928270012140274,0.9811689853668213,0,-0.2730900049209595,7.210628986358643,0,1,0.5965359807014465,-0.04209199920296669,0.8014820218086243,0,-0.7823899984359741,-0.2531149983406067,0.5690330266952515,0,0.17891600728034973,-0.9665200114250183,-0.18392400443553925,0,-9.700634002685547,12.085683822631836,0.09570000320672989,1,0.6185749769210815,-0.7505630254745483,0.23242199420928955,0,0.7829229831695557,0.6137499809265137,-0.10170300304889679,0,-0.06631500273942947,0.24487900733947754,0.9672830104827881,0,0,20.539703369140625,0,1,0.9769480228424072,-0.21325699985027313,-0.009696999564766884,0,0.21318300068378448,0.9769790172576904,-0.008119000121951103,0,0.01120499987155199,0.0058650001883506775,0.9999200105667114,0,0,24.591583251953125,0,1,0.9172930121421814,0.35113099217414856,0.18783099949359894,0,-0.1033179983496666,0.6653890013694763,-0.7393119931221008,0,-0.3845759928226471,0.6587600111961365,0.6466349959373474,0,0,20.38556671142578,0,1,0.9295750260353088,-0.3452700078487396,0.12914800643920898,0,0.3221690058708191,0.9311869740486145,0.17058199644088745,0,-0.17915700376033783,-0.1169620007276535,0.976842999458313,0,4.891149997711182,6.377968788146973,0.000003999999989900971,1,0.9870749711990356,0.16025300323963165,0.0010679999832063913,0,-0.16002200543880463,0.9852439761161804,0.060722000896930695,0,0.008678999729454517,-0.0601079985499382,0.9981539845466614,0,0.09950800240039825,6.42925500869751,0,1,0.9982720017433167,-0.058713000267744064,0.0023109999019652605,0,0.058758001774549484,0.9973670244216919,-0.042493999004364014,0,0.0001900000061141327,0.042555999010801315,0.9990940093994141,0,0.11033999919891357,6.764342784881592,0,1,0.9999610185623169,-0.004927000030875206,0.0073830001056194305,0,0.004348000045865774,0.997052013874054,0.07659900188446045,0,-0.0077390000224113464,-0.0765639990568161,0.997035026550293,0,0,14.289082527160645,0.05890699848532677,1,0.9999740123748779,-0.00723800016567111,-0.00042600001324899495,0,0.007209999952465296,0.9863330125808716,0.16460800170898438,0,-0.000770999991800636,-0.1646070033311844,0.9863590002059937,0,-0.0035019998904317617,8.26400375366211,0,1,0.9998810291290283,-0.015393000096082687,-0.0012550000101327896,0,0.015407999977469444,0.9886990189552307,0.14912199974060059,0,-0.001053999993018806,-0.14912299811840057,0.9888179898262024,0,0.01548600010573864,6.10585880279541,0,1,-0.895563006401062,-0.3287540078163147,0.29981398582458496,0,0.3718169927597046,-0.9230679869651794,0.098471999168396,0,0.24437500536441803,0.19966399669647217,0.9489020109176636,0,7.257933139801025,-5.273186206817627,-2.114583969116211,1,0.866129994392395,0.10717500001192093,0.48819398880004883,0,0.2966969907283783,0.6757889986038208,-0.6747440099716187,0,-0.40223199129104614,0.7292619943618774,0.553521990776062,0,0,29.621858596801758,0,1,0.9045910239219666,-0.04060199856758118,-0.4243429899215698,0,0.4019300043582916,0.41286700963974,0.8173080086708069,0,0.14201299846172333,-0.9098860025405884,0.3897950053215027,0,0,18.553098678588867,0,1,0.9165700078010559,0.008898000232875347,-0.3997749984264374,0,0.32208898663520813,0.5760520100593567,0.7512810230255127,0,0.2369769960641861,-0.8173649907112122,0.5251259803771973,0,0,13.033435821533203,0,1,-0.9587500095367432,0.2701539993286133,-0.08840499818325043,0,-0.2715570032596588,-0.962414026260376,0.004019999410957098,0,-0.0839959979057312,0.02786099910736084,0.9960759878158569,0,-7.257933139801025,-5.273186206817627,6.093637943267822,1,0.9704700112342834,0.2400200068950653,-0.024064000695943832,0,-0.2338470071554184,0.9116219878196716,-0.33802399039268494,0,-0.05919500067830086,0.3336690068244934,0.9408299922943115,0,0,28.28788948059082,0,1,0.965719997882843,0.017270002514123917,0.25900998711586,0,-0.2017499953508377,0.6777909994125366,0.7070329785346985,0,-0.16334399580955505,-0.7350519895553589,0.6580410003662109,0,0,18.484560012817383,0,1,0.9280080199241638,-0.011755000799894333,0.3723739981651306,0,-0.30709001421928406,0.5417789816856384,0.7824140191078186,0,-0.21094200015068054,-0.8404390215873718,0.49916499853134155,0,0,12.827351570129395,0,1
