0.967,30,29,41
B0,mixamorig_Hips,-1,0.9989827275276184,0.040489085018634796,-0.015976794064044952,0,-0.040259480476379395,0.9990546107292175,0.014844167977571487,0,0.016570113599300385,-0.014251804910600185,0.9997155666351318,0,2.5975661277770996,61.52916717529297,-1.3517976999282837,1
B1,mixamorig_Spine,0,0.9995315670967102,0.023913053795695305,0.018964940682053566,0,-0.02543916180729866,0.9960524439811707,0.08500780910253525,0,-0.0168605986982584,-0.0854528620839119,0.9961963295936584,0,0,9.583415985107422,0.32315799593925476,1
B2,mixamorig_Spine1,1,0.9989750981330872,-0.012023556977510452,0.043360378593206406,0,0.01071586087346077,0.9994838237762451,0.030025586485862732,0,-0.043691858649253845,-0.02954133041203022,0.9985963702201843,0,0,11.187003135681152,0,1
B3,mixamorig_Spine2,2,0.998810350894928,-0.01905009336769581,0.04463990405201912,0,0.0212212223559618,0.9985682964324951,-0.04895312711596489,0,-0.04363729804754257,0.0498327910900116,0.9977914690971375,0,0,12.785147666931152,0,1
B4,mixamorig_Neck,3,0.9989370703697205,-0.04576918110251427,-0.004875536076724529,0,0.045056674629449844,0.9939722418785095,-0.0998937115073204,0,0.009412954561412334,0.09956607222557068,0.9949830770492554,0,0,14.383284568786621,0,1
B5,mixamorig_Head,4,0.9992548227310181,-0.02230418287217617,-0.03145841136574745,0,0.021527433767914772,0.9994581937789917,-0.02484755404293537,0,0.03199448063969612,0.02415088750422001,0.999195396900177,0,0,11.315444946289062,2.884643077850342,1
B6,mixamorig_HeadTop_End,5,1,0,0,0,0,1,0,0,0,0,1,0,0,52.526214599609375,13.390490531921387,1
B7,mixamorig_LeftShoulder,3,0.33439862728118896,0.11212193220853806,-0.9356427788734436,0,0.9042643904685974,-0.3171127736568451,0.28529655933380127,0,-0.2647336423397064,-0.9416359066963196,-0.20727506279945374,0,9.220659255981445,11.879112243652344,0.07459300011396408,1
B8,mixamorig_LeftArm,7,0.996806263923645,0.04288071021437645,-0.06681855767965317,0,0.028046537190675735,0.5972579121589661,0.8014765381813049,0,0.07421480119228363,-0.8008585572242737,0.5941814184188843,0,0,19.382638931274414,0,1
B9,mixamorig_LeftForeArm,8,0.8346293568611145,0.5503019094467163,0.0025317117106169462,0,-0.550163209438324,0.8345058560371399,-0.019116230309009552,0,-0.012651808559894562,0.014562143012881279,0.9998136162757874,0,0,25.99243927001953,0,1
B10,mixamorig_LeftHand,9,0.7480759620666504,0.13453353941440582,-0.6490369439125061,0,-0.18942688405513763,0.9817125201225281,-0.015323544852435589,0,0.6351155638694763,0.13424420356750488,0.7599352598190308,0,0,21.082355499267578,0,1
B11,mixamorig_LeftHandThumb1,10,0.7035297751426697,0.30248603224754333,-0.6430744528770447,0,-0.3302142322063446,0.9404065012931824,0.0810936763882637,0,0.6292857527732849,0.1553010493516922,0.7614872455596924,0,-4.542919158935547,6.352151870727539,0,1
B12,mixamorig_LeftHandThumb2,11,0.85874342918396,-0.3640354573726654,0.36057794094085693,0,0.26149556040763855,0.9165463447570801,0.3025587201118469,0,-0.4406413435935974,-0.16552859544754028,0.8822882175445557,0,0.023468000814318657,6.247544765472412,0,1
B13,mixamorig_LeftHandThumb3,12,0.9126385450363159,0.30029982328414917,-0.27727630734443665,0,-0.3159558176994324,0.9486781358718872,-0.01248316839337349,0,0.2592911720275879,0.09901086986064911,0.9607057571411133,0,-0.49257999658584595,6.928124904632568,0,1
B14,mixamorig_LeftHandThumb4,13,1,0,0,0,0,1,0,0,0,0,1,0,0.46911200881004333,4.42478084564209,0,1
B15,mixamorig_LeftHandIndex1,10,0.9890469312667847,-0.012363172136247158,-0.14703667163848877,0,0.02426079474389553,0.9965457916259766,0.07931692153215408,0,0.1455555111169815,-0.08200997859239578,0.9859335422515869,0,0,13.629870414733887,0.10376700013875961,1
B16,mixamorig_LeftHandIndex2,15,0.9999798536300659,-0.006303238216787577,-0.0006838798290118575,0,0.006227238103747368,0.9561861157417297,0.2926938235759735,0,-0.001191319664940238,-0.2926919460296631,0.9562060832977295,0,0.0265670008957386,8.824207305908203,0,1
B17,mixamorig_LeftHandIndex3,16,0.9982205629348755,0.05952019989490509,0.0034907006192952394,0,-0.05961998179554939,0.9959473609924316,0.06733111292123795,0,0.0005305804661475122,-0.06741911172866821,0.997724711894989,0,-0.12827999889850616,5.965642929077148,0,1
B18,mixamorig_LeftHandIndex4,17,1,0,0,0,0,1,0,0,0,0,1,0,0.10171200335025787,3.719054937362671,0,1
B19,mixamorig_RightShoulder,3,0.14184097945690155,0.011854894459247589,0.9897521734237671,0,-0.9487114548683167,-0.2833785116672516,0.13939552009105682,0,0.28213098645210266,-0.9588808417320251,-0.028839504346251488,0,-9.220659255981445,11.879775047302246,0.09426800161600113,1
B20,mixamorig_RightArm,19,0.9899759292602539,-0.021219369024038315,0.13781332969665527,0,-0.1099354475736618,0.4895414113998413,0.8647950887680054,0,-0.08594359457492828,-0.8714993000030518,0.48266366124153137,0,0,19.382638931274414,0,1
B21,mixamorig_RightForeArm,20,0.7870068550109863,-0.6167845726013184,-0.000603906752076,0,0.6166276335716248,0.7868286967277527,-0.02178444154560566,0,0.013918396085500717,0.01677222177386284,0.9997627139091492,0,0,25.99243927001953,0,1
B22,mixamorig_RightHand,21,0.6078780293464661,-0.3285301923751831,0.7227993011474609,0,0.5019709467887878,0.8640358448028564,-0.029723847284913063,0,-0.6147230267524719,0.3808158040046692,0.6902642250061035,0,0,21.079713821411133,0,1
B23,mixamorig_RightHandThumb1,22,0.8417122960090637,-0.3733743131160736,0.38998574018478394,0,0.27377933263778687,0.9177279472351074,0.287732869386673,0,-0.4653336703777313,-0.1354280263185501,0.8747101426124573,0,4.885471820831299,6.2330780029296875,0,1
B24,mixamorig_RightHandThumb2,23,0.9730647802352905,0.17674946784973145,0.1478462666273117,0,-0.14985764026641846,0.972789466381073,-0.17657862603664398,0,-0.17502371966838837,0.14969556033611298,0.9731037020683289,0,0.11152900010347366,6.334640979766846,0,1
B25,mixamorig_RightHandThumb3,24,0.9369677901268005,-0.3073136508464813,-0.16627342998981476,0,0.30099326372146606,0.9515678882598877,-0.0626019760966301,0,0.17746026813983917,0.008609768003225327,0.9840893149375916,0,0.1050570011138916,6.742958068847656,0,1
B26,mixamorig_RightHandThumb4,25,1,0,0,0,0,1,0,0,0,0,1,0,-0.21658700704574585,4.398326873779297,0,1
B27,mixamorig_RightHandIndex1,22,0.9991172552108765,-0.04196659475564957,-0.0007017949828878045,0,0.04178892448544502,0.99261873960495,0.1132926493883133,0,-0.004073193296790123,-0.11322393268346786,0.9934976100921631,0,0,14.070053100585938,0.059053000062704086,1
B28,mixamorig_RightHandIndex2,27,0.9997506737709045,-0.021030766889452934,-0.00750695401802659,0,0.022148506715893745,0.8910682201385498,0.4533238112926483,0,-0.002845145994797349,-0.4533771574497223,0.8913116455078125,0,-0.0034940000623464584,8.26400375366211,0,1
B29,mixamorig_RightHandIndex3,28,0.9986438751220703,-0.050568245351314545,-0.012402301654219627,0,0.051969073712825775,0.9534246325492859,0.2971131503582001,0,-0.003199905389919877,-0.2973547875881195,0.9547595977783203,0,0.015495000407099724,6.10585880279541,0,1
B30,mixamorig_RightHandIndex4,29,1,0,0,0,0,1,0,0,0,0,1,0,-0.012001000344753265,3.2525739669799805,0,1
B31,mixamorig_LeftUpLeg,0,-0.975604236125946,-0.010297602042555809,0.21860507130622864,0,0.05898502469062805,-0.9740069508552551,0.21749445796012878,0,0.21099884808063507,0.2251848727464676,0.9510725736618042,0,7.271745204925537,-5.322803020477295,-2.1651880741119385,1
B32,mixamorig_LeftLeg,31,0.9462718963623047,0.04781302809715271,0.3198109567165375,0,0.19631077349185944,0.7009487152099609,-0.6856274008750916,0,-0.2569669485092163,0.7115722894668579,0.6539015173912048,0,0,30.27204132080078,0,1
B33,mixamorig_LeftFoot,32,0.6943725943565369,0.32516026496887207,-0.6415985226631165,0,0.45512792468070984,0.49237799644470215,0.7416490316390991,0,0.5569159984588623,-0.8072589635848999,0.19388973712921143,0,0,18.94415283203125,0,1
B34,mixamorig_LeftToeBase,33,0.9083906412124634,0.056230317801237106,-0.41428908705711365,0,0.328998327255249,0.5154032707214355,0.7912347316741943,0,0.25803372263908386,-0.8550480604171753,0.44969040155410767,0,0,13.023898124694824,0,1
B35,mixamorig_LeftToe_End,34,1,0,0,0,0,1,0,0,0,0,1,0,0,5.268302917480469,0,1
B36,mixamorig_RightUpLeg,0,-0.9806166291236877,0.11243678629398346,-0.158998504281044,0,-0.1776139885187149,-0.8544110059738159,0.48744523525238037,0,-0.0811956599354744,0.5061777234077454,0.8578662872314453,0,-7.271745204925537,-5.322803020477295,6.0429301261901855,1
B37,mixamorig_RightLeg,36,0.9483100771903992,0.305688738822937,0.08489254862070084,0,-0.11719787120819092,0.5855312347412109,-0.8009523153305054,0,-0.29483455419540405,0.7495611906051636,0.5910754203796387,0,0,28.972278594970703,0,1
B38,mixamorig_RightFoot,37,0.9963929653167725,-0.012777882628142834,-0.08181444555521011,0,0.07232838124036789,0.6130588054656982,0.7866212725639343,0,0.040173836052417755,-0.7898706197738647,0.6117033958435059,0,0,18.8565616607666,0,1
B39,mixamorig_RightToeBase,38,0.9241484999656677,-0.014173603616654873,0.381748229265213,0,-0.309280663728714,0.5588586330413818,0.7694040536880493,0,-0.22425785660743713,-0.8291102051734924,0.5120869278907776,0,0,12.844009399414062,0,1
B40,mixamorig_RightToe_End,39,1,0,0,0,0,1,0,0,0,0,1,0,0,5.283959865570068,0,1
@34,0,1,2,3,4,5,7,8,9,10,11,12,13,15,16,17,19,20,21,22,23,24,25,27,28,29,31,32,33,34,36,37,38,39
K0.000,0.9800919890403748,-0.10083500295877457,-0.17102999985218048,0,0.09539400041103363,0.9946449995040894,-0.03975899890065193,0,0.17412300407886505,0.022652000188827515,0.9844629764556885,0,0.29638999700546265,59.8635368347168,-2.4455668926239014,1,0.9968289732933044,0.0782260000705719,0.014581999741494656,0,-0.07926999777555466,0.9921950101852417,0.09625600278377533,0,-0.006938999984413385,-0.09710600227117538,0.9952499866485596,0,0,9.583415985107422,0.32315799593925476,1,0.9991000294685364,0.014955000020563602,0.039684001356363297,0,-0.01608400046825409,0.9994699954986572,0.028286999091506004,0,-0.039239998906850815,-0.02889999933540821,0.9988120198249817,0,0,11.187003135681152,0,1,0.9991949796676636,0.00775500014424324,0.03935600072145462,0,-0.005733999889343977,0.9986720085144043,-0.05120699852705002,0,-0.03970000147819519,0.050939999520778656,0.9979119896888733,0,0,12.785147666931152,0,1,0.9996510148048401,-0.015243999660015106,0.021588999778032303,0,0.017169000580906868,0.9956120252609253,-0.09199400246143341,0,-0.02009199932217598,0.09233299642801285,0.9955250024795532,0,0,14.383284568786621,0,1,0.9977390170097351,0.006990999914705753,0.06684999912977219,0,-0.005402000155299902,0.9996989965438843,-0.023910999298095703,0,-0.0669969990849495,0.023496000096201897,0.9974759817123413,0,0,11.315444946289062,2.884643077850342,1,0.36215901374816895,0.136913001537323,-0.9220060110092163,0,0.9176049828529358,-0.2262279987335205,0.3268370032310486,0,-0.16383600234985352,-0.9644039869308472,-0.20756199955940247,0,9.220659255981445,11.879112243652344,0.07459300011396408,1,0.9986429810523987,-0.051058001816272736,0.010239999741315842,0,0.014058999717235565,0.4536829888820648,0.8910520076751709,0,-0.050140999257564545,-0.8896989822387695,0.4537850022315979,0,0,19.382638931274414,0,1,0.8060259819030762,0.5918779969215393,0.0015379999531432986,0,-0.5917279720306396,0.8058750033378601,-0.020560000091791153,0,-0.013407999649643898,0.015661999583244324,0.9997869729995728,0,0,25.99243927001953,0,1,0.8154370188713074,0.31595098972320557,-0.4850119948387146,0,-0.35578399896621704,0.9345080256462097,0.010595000348985195,0,0.4565950036048889,0.16392000019550323,0.874442994594574,0,0,21.082355499267578,0,1,0.7208719849586487,0.3452500104904175,-0.600953996181488,0,-0.25231900811195374,0.9383230209350586,0.2364010065793991,0,0.6455069780349731,-0.018782999366521835,0.7635239958763123,0,-4.542919158935547,6.352151870727539,0,1,0.9087439775466919,-0.21302400529384613,0.3588930070400238,0,0.1554429978132248,0.9708139896392822,0.18264199793338776,0,-0.3873260021209717,-0.11018700152635574,0.9153349995613098,0,0.023468000814318657,6.247544765472412,0,1,0.9346870183944702,0.30309799313545227,-0.18571999669075012,0,-0.29565098881721497,0.952925980091095,0.06724300235509872,0,0.19735799729824066,-0.007942999713122845,0.9802989959716797,0,-0.49257999658584595,6.928124904632568,0,1,0.9974409937858582,-0.07099699974060059,-0.008475000038743019,0,0.0705069974064827,0.9963350296020508,-0.04842900112271309,0,0.011881999671459198,0.04770800098776817,0.998790979385376,0,0,13.629870414733887,0.10376700013875961,1,0.9999790191650391,-0.0064130001701414585,-0.0006949999951757491,0,0.006335999816656113,0.9564840197563171,0.291716992855072,0,-0.00120599998626858,-0.29171499609947205,0.9565050005912781,0,0.0265670008957386,8.824207305908203,0,1,0.9982270002365112,0.05941399931907654,0.003450999967753887,0,-0.059512000530958176,0.9960240125656128,0.06629499793052673,0,0.0005009999731555581,-0.066382996737957,0.997793972492218,0,-0.12827999889850616,5.965642929077148,0,1,0.10396300256252289,0.015565999783575535,0.9944589734077454,0,-0.9391109943389893,-0.32771599292755127,0.10330700129270554,0,0.32750800251960754,-0.944648027420044,-0.01945200003683567,0,-9.220659255981445,11.879775047302246,0.09426800161600113,1,0.9350669980049133,0.10751199722290039,0.33777299523353577,0,-0.34595999121665955,0.4843499958515167,0.8035650253295898,0,-0.07720699906349182,-0.8682429790496826,0.49009498953819275,0,0,19.382638931274414,0,1,0.8433570265769958,-0.5373479723930359,-0.0025949999690055847,0,0.537211000919342,0.8432340025901794,-0.01897899992763996,0,0.012387000024318695,0.014612000435590744,0.9998170137405396,0,0,25.99243927001953,0,1,0.8187339901924133,-0.1556829959154129,0.5526630282402039,0,0.10667800158262253,0.9870250225067139,0.12000399827957153,0,-0.564175009727478,-0.03929400071501732,0.824720025062561,0,0,21.079713821411133,0,1,0.8636260032653809,-0.3536500036716461,0.35927900671958923,0,0.29462501406669617,0.9323570132255554,0.20953799784183502,0,-0.40907999873161316,-0.07511000335216522,0.9094020128250122,0,4.885471820831299,6.2330780029296875,0,1,0.9702590107917786,0.1973080039024353,0.1402370035648346,0,-0.17936700582504272,0.9750409722328186,-0.1308560073375702,0,-0.162555992603302,0.10181000083684921,0.9814329743385315,0,0.11152900010347366,6.334640979766846,0,1,0.9360039830207825,-0.3114680051803589,-0.16396300494670868,0,0.3048279881477356,0.9501960277557373,-0.0648680031299591,0,0.17600099742412567,0.010735999792814255,0.9843310117721558,0,0.1050570011138916,6.742958068847656,0,1,0.998773992061615,-0.04820699989795685,-0.011292999610304832,0,0.04946500062942505,0.9814890027046204,0.18501800298690796,0,0.0021649999544024467,-0.18535000085830688,0.9826700091362,0,0,14.070053100585938,0.059053000062704086,1,0.9997519850730896,-0.020958999171853065,-0.007472999859601259,0,0.022072000429034233,0.8915079832077026,0.45246800780296326,0,-0.0028210000600665808,-0.4525209963321686,0.8917490243911743,0,-0.0034940000623464584,8.26400375366211,0,1,0.9986479878425598,-0.05050100013613701,-0.012356000021100044,0,0.051892999559640884,0.9537169933319092,0.29619500041007996,0,-0.0031739999540150166,-0.29643601179122925,0.9550470113754272,0,0.015495000407099724,6.10585880279541,0,1,-0.9749940037727356,-0.1869020015001297,0.12022799998521805,0,0.2219099998474121,-0.8479520082473755,0.4813869893550873,0,0.01197499968111515,0.49602898955345154,0.8682230114936829,0,7.271745204925537,-5.322803020477295,-2.1651880741119385,1,0.9167109727859497,0.39776700735092163,0.037714000791311264,0,0.023442000150680542,0.04068399965763092,-0.9988970160484314,0,-0.3988629877567291,0.9165840148925781,0.027970999479293823,0,0,30.27204132080078,0,1,0.7417610287666321,0.1526920050382614,-0.6530510187149048,0,0.42799898982048035,0.6419000029563904,0.6362239718437195,0,0.5163400173187256,-0.7514320015907288,0.4107849895954132,0,0,18.94415283203125,0,1,0.9139919877052307,0.014487000182271004,-0.405472993850708,0,0.32550299167633057,0.5704100131988525,0.7541090250015259,0,0.2422100007534027,-0.82123202085495,0.516635000705719,0,0,13.023898124694824,0,1,-0.9771599769592285,-0.052264999598264694,-0.20597699284553528,0,0.033580001443624496,-0.9950820207595825,0.09318800270557404,0,-0.2098349928855896,0.08414299786090851,0.9741100072860718,0,-7.271745204925537,-5.322803020477295,6.0429301261901855,1,0.9519680142402649,0.3047899901866913,-0.029308000579476357,0,-0.26616498827934265,0.7763929963111877,-0.571287989616394,0,-0.15136900544166565,0.5516489744186401,0.8202260136604309,0,0,28.972278594970703,0,1,0.9531340003013611,-0.2988649904727936,0.04707299917936325,0,0.0954200029373169,0.4445909857749939,0.8906369805335999,0,-0.28710898756980896,-0.8444039821624756,0.4522719979286194,0,0,18.8565616607666,0,1,0.9228019714355469,-0.025787999853491783,0.38440999388694763,0,-0.3097519874572754,0.5436670184135437,0.7800509929656982,0,-0.22910700738430023,-0.8389049768447876,0.493708997964859,0,0,12.844009399414062,0,1
K0.033,0.9862740635871887,-0.08144978433847427,-0.14363156259059906,0,0.07928880304098129,0.9966359734535217,-0.020711775869131088,0,0.14483454823493958,0.009038832038640976,0.9894140362739563,0,0.46338024735450745,60.11740493774414,-2.1982181072235107,1,0.9976080060005188,0.06903088092803955,0.003598876530304551,0,-0.06907487660646439,0.9935479760169983,0.08994990587234497,0,0.0026341064367443323,-0.08998390287160873,0.9959400296211243,0,0,9.583415985107422,0.32315799593925476,1,0.999750018119812,0.005196946673095226,0.02175779454410076,0,-0.0056959413923323154,0.9997209906578064,0.022931978106498718,0,-0.02163279429078102,-0.02304997853934765,0.9994999766349792,0,0,11.187003135681152,0,1,0.999754011631012,-0.0029900630470365286,0.02198679931461811,0,0.004219051916152239,0.998420000076294,-0.056033018976449966,0,-0.021784795448184013,0.05611201375722885,0.9981870055198669,0,0,12.785147666931152,0,1,0.9996569752693176,-0.010797061957418919,0.02384999580681324,0,0.012774062342941761,0.9963549971580505,-0.08434803038835526,0,-0.022851990535855293,0.08462303876876831,0.9961509704589844,0,0,14.383284568786621,0,1,0.9971330165863037,0.01523201260715723,0.07411704212427139,0,-0.014698020182549953,0.999862015247345,-0.007744906470179558,0,-0.0742250457406044,0.00663390476256609,0.9972190260887146,0,0,11.315444946289062,2.884643077850342,1,0.36406582593917847,0.13381990790367126,-0.9217090606689453,0,0.9147970080375671,-0.23725731670856476,0.326888769865036,0,-0.17493836581707,-0.9621859192848206,-0.20879597961902618,0,9.220659255981445,11.879112243652344,0.07459300011396408,1,0.9925287961959839,-0.12043985724449158,-0.019514359533786774,0,0.06879569590091705,0.42034390568733215,0.9047529697418213,0,-0.10076562315225601,-0.8993358612060547,0.42548906803131104,0,0,19.382638931274414,0,1,0.8416840434074402,0.5399639010429382,0.0027760020457208157,0,-0.5398268699645996,0.8415670394897461,-0.01875699684023857,0,-0.012463998049497604,0.014288997277617455,0.9998199939727783,0,0,25.99243927001953,0,1,0.7936612367630005,0.2669527530670166,-0.5466610789299011,0,-0.2164931297302246,0.963692843914032,0.15629160404205322,0,0.568535327911377,-0.0056940168142318726,0.8226386308670044,0,0,21.082355499267578,0,1,0.7266760468482971,0.30708059668540955,-0.6145271062850952,0,-0.2529659867286682,0.9512891173362732,0.17623135447502136,0,0.6387099623680115,0.02739148773252964,0.7689599990844727,0,-4.542919158935547,6.352151870727539,0,1,0.9572741389274597,-0.13009966909885406,0.25826379656791687,0,0.07996272295713425,0.977347731590271,0.19595186412334442,0,-0.2779071033000946,-0.16692784428596497,0.9459930658340454,0,0.023468000814318657,6.247544765472412,0,1,0.8723686337471008,0.42403659224510193,-0.24324217438697815,0,-0.4254976212978363,0.9036186933517456,0.04923604428768158,0,0.2406761348247528,0.06054722145199776,0.9687149524688721,0,-0.49257999658584595,6.928124904632568,0,1,0.9972599744796753,-0.06815597414970398,-0.028751228004693985,0,0.06847699731588364,0.9975990056991577,0.010317319072782993,0,0.027979204431176186,-0.012258333154022694,0.9995329976081848,0,0,13.629870414733887,0.10376700013875961,1,0.9999819993972778,-0.006025997456163168,-0.0006569997640326619,0,0.005950997583568096,0.9554340243339539,0.29514601826667786,0,-0.0011509996838867664,-0.2951440215110779,0.955452024936676,0,0.0265670008957386,8.824207305908203,0,1,0.9982050061225891,0.0597820021212101,0.003588001010939479,0,-0.05988600477576256,0.995756983757019,0.06987102329730988,0,0.0006040006410330534,-0.06996002048254013,0.9975500106811523,0,-0.12827999889850616,5.965642929077148,0,1,0.10968413203954697,0.015645982697606087,0.9938430190086365,0,-0.9381080865859985,-0.3288407325744629,0.10871012508869171,0,0.32851672172546387,-0.9442561268806458,-0.021391024813055992,0,-9.220659255981445,11.879775047302246,0.09426800161600113,1,0.9658572673797607,0.08119562268257141,0.24602110683918,0,-0.25240403413772583,0.5089970827102661,0.8229301571846008,0,-0.05840485543012619,-0.8569300174713135,0.5121129751205444,0,0,19.382638931274414,0,1,0.8350059390068054,-0.5502350330352783,-0.0022999984212219715,0,0.5500960350036621,0.8348749279975891,-0.01943500153720379,0,0.012614000588655472,0.014963001944124699,0.9998080134391785,0,0,25.99243927001953,0,1,0.8128520846366882,-0.12127676606178284,0.5697049498558044,0,0.08078380674123764,0.9921039938926697,0.09593387693166733,0,-0.5768409371376038,-0.03195701539516449,0.8162310719490051,0,0,21.079713821411133,0,1,0.86444491147995,-0.3548741340637207,0.3560900092124939,0,0.29895809292793274,0.9323369264602661,0.2034020721912384,0,-0.4041770398616791,-0.06937400996685028,0.9120460152626038,0,4.885471820831299,6.2330780029296875,0,1,0.9707880020141602,0.20043602585792542,0.1318928748369217,0,-0.18362802267074585,0.9744560122489929,-0.12929104268550873,0,-0.15443889796733856,0.10129506140947342,0.9827960133552551,0,0.11152900010347366,6.334640979766846,0,1,0.9351140260696411,-0.3152160346508026,-0.16186398267745972,0,0.3082960247993469,0.9489349722862244,-0.06689701229333878,0,0.1746859848499298,0.012654016725718975,0.9845430254936218,0,0.1050570011138916,6.742958068847656,0,1,0.9984220266342163,-0.054692063480615616,-0.012709016911685467,0,0.05610506609082222,0.9807159900665283,0.1872110515832901,0,0.002225001808255911,-0.18762904405593872,0.9822369813919067,0,0,14.070053100585938,0.059053000062704086,1,0.9997519850730896,-0.02097899839282036,-0.007481999695301056,0,0.022092998027801514,0.8913879990577698,0.45270198583602905,0,-0.0028279998805373907,-0.45275500416755676,0.8916299939155579,0,-0.0034940000623464584,8.26400375366211,0,1,0.9986460208892822,-0.05051900073885918,-0.01236799918115139,0,0.051913999021053314,0.9536370038986206,0.2964470088481903,0,-0.003180999541655183,-0.2966879904270172,0.9549689888954163,0,0.015495000407099724,6.10585880279541,0,1,-0.984419047832489,-0.13809961080551147,0.10884595662355423,0,0.17549167573451996,-0.810409665107727,0.5589615106582642,0,0.011018089018762112,0.5693545341491699,0.8220186233520508,0,7.271745204925537,-5.322803020477295,-2.1651880741119385,1,0.9065468907356262,0.40603476762771606,0.1153600737452507,0,0.04844234883785248,0.17141376435756683,-0.9840075373649597,0,-0.4193151593208313,0.8976376056671143,0.13572543859481812,0,0,30.27204132080078,0,1,0.7432360053062439,0.11832289397716522,-0.6584830284118652,0,0.47037607431411743,0.6074910163879395,0.6400789618492126,0,0.47575893998146057,-0.7854639887809753,0.39585304260253906,0,0,18.94415283203125,0,1,0.9149060249328613,0.007280939258635044,-0.4036009609699249,0,0.32500898838043213,0.5797000527381897,0.747205913066864,0,0.2394079715013504,-0.8147979378700256,0.5280041098594666,0,0,13.023898124694824,0,1,-0.9771959781646729,-0.03165469691157341,-0.2099660187959671,0,0.027930838987231255,-0.999396026134491,0.02067631483078003,0,-0.2104940116405487,0.014340363442897797,0.9774900078773499,0,-7.271745204925537,-5.322803020477295,6.0429301261901855,1,0.9567059874534607,0.2906799018383026,-0.014783707447350025,0,-0.2523098587989807,0.8029572367668152,-0.5399987101554871,0,-0.14509610831737518,0.5203506350517273,0.8415361642837524,0,0,28.972278594970703,0,1,0.9498599171638489,-0.3010411262512207,0.0845024436712265,0,0.05613554269075394,0.4300497770309448,0.9010581374168396,0,-0.3075962960720062,-0.8511350750923157,0.42538562417030334,0,0,18.8565616607666,0,1,0.9228749871253967,-0.025171972811222076,0.38427698612213135,0,-0.30972498655319214,0.5444770455360413,0.7794970273971558,0,-0.22885099053382874,-0.8383979797363281,0.494687020778656,0,0,12.844009399414062,0,1
K0.067,0.9930899143218994,-0.05957721546292305,-0.10110842436552048,0,0.060055188834667206,0.9981939792633057,0.001690777251496911,0,0.10082543641328812,-0.00775183318182826,0.9948739409446716,0,0.6859318017959595,60.07789611816406,-2.0185136795043945,1,0.998337984085083,0.05696211755275726,-0.008727877400815487,0,-0.056076131761074066,0.9951679706573486,0.08059708774089813,0,0.013276893645524979,-0.07997409999370575,0.9967089891433716,0,0,9.583415985107422,0.32315799593925476,1,0.9999989867210388,-0.00017594659584574401,0.0012372039491310716,0,0.00014994190132711083,0.9997850060462952,0.02075602300465107,0,-0.0012402026914060116,-0.02075602300465107,0.999783992767334,0,0,11.187003135681152,0,1,0.9999549984931946,-0.009287937544286251,0.0019241994014009833,0,0.009383948519825935,0.9982860088348389,-0.05776097998023033,0,-0.0013842027401551604,0.057775985449552536,0.9983289837837219,0,0,12.785147666931152,0,1,0.9995800256729126,-0.017052939161658287,0.02342500351369381,0,0.019044939428567886,0.9959700107574463,-0.08764196932315826,0,-0.02183600887656212,0.08805195987224579,0.9958770275115967,0,0,14.383284568786621,0,1,0.9967780113220215,0.016539987176656723,0.07848595827817917,0,-0.016716979444026947,0.9998589754104614,0.0016029070829972625,0,-0.07844895869493484,-0.0029099052771925926,0.9969140291213989,0,0,11.315444946289062,2.884643077850342,1,0.34648919105529785,0.1249510869383812,-0.9296949505805969,0,0.913765013217926,-0.2690296769142151,0.3043942451477051,0,-0.21208062767982483,-0.9549920558929443,-0.20739202201366425,0,9.220659255981445,11.879112243652344,0.07459300011396408,1,0.9768911600112915,-0.2064281553030014,-0.05541564151644707,0,0.13812731206417084,0.41187310218811035,0.9007120728492737,0,-0.16310837864875793,-0.8875521421432495,0.4308679401874542,0,0,19.382638931274414,0,1,0.8478349447250366,0.5302520990371704,0.002990997862070799,0,-0.5301170945167542,0.8477239608764648,-0.01841900311410427,0,-0.012302001938223839,0.01403100322932005,0.9998260140419006,0,0,25.99243927001953,0,1,0.7147037982940674,0.24167324602603912,-0.656347930431366,0,-0.029429858550429344,0.9479671716690063,0.31700339913368225,0,0.6988077163696289,-0.20724700391292572,0.6846283674240112,0,0,21.082355499267578,0,1,0.7320479154586792,0.26494643092155457,-0.6276218891143799,0,-0.25191301107406616,0.9612518548965454,0.11195863783359528,0,0.632965087890625,0.07614651322364807,0.7704259753227234,0,-4.542919158935547,6.352151870727539,0,1,0.9703938961029053,-0.19748133420944214,0.1390591859817505,0,0.15236929059028625,0.9472553133964539,0.28193914890289307,0,-0.1874028891324997,-0.252404123544693,0.9493009448051453,0,0.023468000814318657,6.247544765472412,0,1,0.8351313471794128,0.4839884042739868,-0.26136282086372375,0,-0.4880143702030182,0.8711712956428528,0.05387395620346069,0,0.25376588106155396,0.0825577825307846,0.9637360572814941,0,-0.49257999658584595,6.928124904632568,0,1,0.9964830279350281,-0.0661730244755745,-0.051416777074337006,0,0.06836999952793121,0.9967659711837769,0.0422176830470562,0,0.04845679551362991,-0.04558466747403145,0.9977840185165405,0,0,13.629870414733887,0.10376700013875961,1,0.999983012676239,-0.005791002418845892,-0.0006330002215690911,0,0.00571700232103467,0.9547880291938782,0.2972319722175598,0,-0.0011170003563165665,-0.29723095893859863,0.9548050165176392,0,0.0265670008957386,8.824207305908203,0,1,0.9981909990310669,0.06000499799847603,0.0036719990894198418,0,-0.06011299788951874,0.9955880045890808,0.07204597443342209,0,0.0006679993821308017,-0.07213597744703293,0.9973949790000916,0,-0.12827999889850616,5.965642929077148,0,1,0.12275387346744537,0.01390901766717434,0.9923400282859802,0,-0.9456659555435181,-0.30170127749443054,0.12120987474918365,0,0.301075279712677,-0.9533008933067322,-0.02388097532093525,0,-9.220659255981445,11.879775047302246,0.09426800161600113,1,0.9867748022079468,0.04313838109374046,0.15625488758087158,0,-0.15601195394992828,0.5144279599189758,0.8432227969169617,0,-0.044006142765283585,-0.8564479947090149,0.5143550038337708,0,0,19.382638931274414,0,1,0.8304820656776428,-0.5570419430732727,-0.0021400016266852617,0,0.5569009184837341,0.8303460478782654,-0.01967499777674675,0,0.012736999429762363,0.015147997997701168,0.9998040199279785,0,0,25.99243927001953,0,1,0.8192329406738281,-0.09808923304080963,0.5650090575218201,0,0.061543188989162445,0.9946110248565674,0.08343712985515594,0,-0.5701490640640259,-0.03358198329806328,0.8208549618721008,0,0,21.079713821411133,0,1,0.8592290878295898,-0.36724889278411865,0.35616499185562134,0,0.30931591987609863,0.9274570345878601,0.21011094748973846,0,-0.40749096870422363,-0.07036599516868591,0.9104940295219421,0,4.885471820831299,6.2330780029296875,0,1,0.9717310070991516,0.20302796363830566,0.12049110978841782,0,-0.18677197396755219,0.9732649922370911,-0.13367995619773865,0,-0.14441010355949402,0.1073969379067421,0.9836729764938354,0,0.11152900010347366,6.334640979766846,0,1,0.9343029856681824,-0.3185649812221527,-0.15998001396656036,0,0.31140097975730896,0.9477919936180115,-0.06869898736476898,0,0.1735130101442337,0.014367983676493168,0.9847270250320435,0,0.1050570011138916,6.742958068847656,0,1,0.9980279803276062,-0.0611039362847805,-0.014378983527421951,0,0.0627269297838211,0.9795569777488708,0.19113795459270477,0,0.0024059980642050505,-0.1916629523038864,0.9814580082893372,0,0,14.070053100585938,0.059053000062704086,1,0.999754011631012,-0.02088000252842903,-0.0074360002763569355,0,0.021988002583384514,0.8919860124588013,0.45152801275253296,0,-0.0027950003277510405,-0.4515810012817383,0.892225980758667,0,-0.0034940000623464584,8.26400375366211,0,1,0.9986519813537598,-0.05042700096964836,-0.0123050007969141,0,0.05181099846959114,0.9540330171585083,0.2951900064945221,0,-0.0031460002064704895,-0.2954300045967102,0.9553589820861816,0,0.015495000407099724,6.10585880279541,0,1,-0.9895839691162109,-0.09952037781476974,0.10402104258537292,0,0.14257033169269562,-0.7776433229446411,0.6123274564743042,0,0.01995190978050232,0.6207794547080994,0.7837313413619995,0,7.271745204925537,-5.322803020477295,-2.1651880741119385,1,0.8968161344528198,0.38232922554016113,0.22258692979812622,0,0.08351165056228638,0.34778323769569397,-0.93384850025177,0,-0.43444985151290894,0.8560784459114075,0.2799685597419739,0,0,30.27204132080078,0,1,0.7425839900970459,0.10776010155677795,-0.6610270142555237,0,0.4767349362373352,0.6081780195236206,0.6346990466117859,0,0.4704180657863617,-0.7864519953727722,0.4002499580383301,0,0,18.94415283203125,0,1,0.9156630039215088,0.0012090603122487664,-0.40194404125213623,0,0.32461801171302795,0.5874789357185364,0.7412770390510559,0,0.237030029296875,-0.809238076210022,0.537540853023529,0,0,13.023898124694824,0,1,-0.9773120284080505,-0.0014353003352880478,-0.2117999792098999,0,0.011830160394310951,-0.9987859725952148,-0.0478203184902668,0,-0.2114739865064621,-0.049240365624427795,0.9761419892311096,0,-7.271745204925537,-5.322803020477295,6.0429301261901855,1,0.9591950178146362,0.28237709403038025,0.014457709155976772,0,-0.23600515723228455,0.8277407884597778,-0.5090643167495728,0,-0.15571589767932892,0.48487934470176697,0.860606849193573,0,0,28.972278594970703,0,1,0.9411110877990723,-0.31246188282966614,0.12913855910301208,0,0.010419454425573349,0.4085802137851715,0.9126628637313843,0,-0.3379366993904114,-0.8575719594955444,0.38777539134025574,0,0,18.8565616607666,0,1,0.9232000112533569,-0.022407028824090958,0.3836669921875,0,-0.3096039891242981,0.548107922077179,0.7769960165023804,0,-0.22770100831985474,-0.8361080288887024,0.4990759789943695,0,0,12.844009399414062,0,1
K0.100,0.9981769919395447,-0.033546000719070435,-0.05018100515007973,0,0.034703001379966736,0.9991469979286194,0.02237600088119507,0,0.04938800260424614,-0.024077000096440315,0.9984890222549438,0,0.9252049922943115,59.89506530761719,-1.8718769550323486,1,0.998790979385376,0.04524200037121773,-0.01922599971294403,0,-0.043758001178503036,0.9964720010757446,0.07161500304937363,0,0.022398000583052635,-0.07068700343370438,0.9972469806671143,0,0,9.583415985107422,0.32315799593925476,1,0.9998570084571838,-0.00950200017541647,-0.013953998684883118,0,0.009762999601662159,0.9997760057449341,0.01877100020647049,0,0.013771998696029186,-0.018905000761151314,0.9997259974479675,0,0,11.187003135681152,0,1,0.9997329711914062,-0.019145000725984573,-0.012906999327242374,0,0.018345000222325325,0.9980599880218506,-0.05949300155043602,0,0.01402099896222353,0.05923999845981598,0.9981449842453003,0,0,12.785147666931152,0,1,0.9994969964027405,-0.024198999628424644,0.020510999485850334,0,0.026027999818325043,0.995212972164154,-0.09419599920511246,0,-0.018132999539375305,0.09468299895524979,0.9953420162200928,0,0,14.383284568786621,0,1,0.9973610043525696,0.013481000438332558,0.07133399695158005,0,-0.013775999657809734,0.9998980164527893,0.003640000009909272,0,-0.07127700001001358,-0.004614000208675861,0.9974460005760193,0,0,11.315444946289062,2.884643077850342,1,0.29968100786209106,0.11723999679088593,-0.9468089938163757,0,0.9191120266914368,-0.3015500009059906,0.25357499718666077,0,-0.25578099489212036,-0.9462149739265442,-0.19812500476837158,0,9.220659255981445,11.879112243652344,0.07459300011396408,1,0.9533929824829102,-0.2875880002975464,-0.0912960022687912,0,0.20889900624752045,0.4107939898967743,0.887474000453949,0,-0.21772299706935883,-0.8651829957962036,0.4517250061035156,0,0,19.382638931274414,0,1,0.8479099869728088,0.530131995677948,0.0029929999727755785,0,-0.5299980044364929,0.8477990031242371,-0.01841600053012371,0,-0.012299999594688416,0.014027999714016914,0.9998260140419006,0,0,25.99243927001953,0,1,0.5930100083351135,0.2345079928636551,-0.7702890038490295,0,0.16822297871112823,0.8994550108909607,0.4033389985561371,0,0.7874259948730469,-0.3687649965286255,0.4939360022544861,0,0,21.082355499267578,0,1,0.7352650165557861,0.2273399978876114,-0.6385160088539124,0,-0.25199100375175476,0.9662299752235413,0.053849004209041595,0,0.629194974899292,0.12130700051784515,0.767723023891449,0,-4.542919158935547,6.352151870727539,0,1,0.9531670212745667,-0.26538100838661194,0.14507199823856354,0,0.21505500376224518,0.9319660067558289,0.2918750047683716,0,-0.21265999972820282,-0.24700699746608734,0.945389986038208,0,0.023468000814318657,6.247544765472412,0,1,0.8192170262336731,0.5005769729614258,-0.27983200550079346,0,-0.5086029767990112,0.8596180081367493,0.048774998635053635,0,0.2649640142917633,0.10236600041389465,0.9588090181350708,0,-0.49257999658584595,6.928124904632568,0,1,0.9952419996261597,-0.06190299987792969,-0.07524699717760086,0,0.061886999756097794,0.9980800151824951,-0.0025479979813098907,0,0.07525999844074249,-0.002121001947671175,0.9971619844436646,0,0,13.629870414733887,0.10376700013875961,1,0.999987006187439,-0.005160999950021505,-0.0005670000100508332,0,0.005090000107884407,0.9530389904975891,0.30280598998069763,0,-0.0010229999898001552,-0.30280399322509766,0.9530519843101501,0,0.0265670008957386,8.824207305908203,0,1,0.9981539845466614,0.06060300022363663,0.003898999886587262,0,-0.060722000896930695,0.9951130151748657,0.07786999642848969,0,0.000838999985717237,-0.07796300202608109,0.9969559907913208,0,-0.12827999889850616,5.965642929077148,0,1,0.14836899936199188,0.011371999979019165,0.9888669848442078,0,-0.9507070183753967,-0.27368101477622986,0.14579099416732788,0,0.27229198813438416,-0.9617530107498169,-0.02979400008916855,0,-9.220659255981445,11.879775047302246,0.09426800161600113,1,0.9965879917144775,-0.009075997397303581,0.08203700184822083,0,-0.06571100652217865,0.5142099857330322,0.8551430106163025,0,-0.04994500055909157,-0.8576160073280334,0.5118589997291565,0,0,19.382638931274414,0,1,0.8292160034179688,-0.5589240193367004,-0.002094999887049198,0,0.5587819814682007,0.8290799856185913,-0.019742000848054886,0,0.012771000154316425,0.015199000015854836,0.9998030066490173,0,0,25.99243927001953,0,1,0.8368620276451111,-0.09204299747943878,0.5396209955215454,0,0.054997000843286514,0.9949120283126831,0.08440999686717987,0,-0.5446450114250183,-0.04096100106835365,0.8376659750938416,0,0,21.079713821411133,0,1,0.8507850170135498,-0.38606899976730347,0.3565320074558258,0,0.32471200823783875,0.9196379780769348,0.2209700047969818,0,-0.41319000720977783,-0.07222799956798553,0.9077759981155396,0,4.885471820831299,6.2330780029296875,0,1,0.9723160266876221,0.20670999586582184,0.10895700007677078,0,-0.1910579949617386,0.9717450141906738,-0.13859699666500092,0,-0.13452699780464172,0.11394300311803818,0.9843369722366333,0,0.11152900010347366,6.334640979766846,0,1,0.9336270093917847,-0.3213120102882385,-0.15842600166797638,0,0.3139530122280121,0.9468420147895813,-0.07017099857330322,0,0.17255200445652008,0.015775000676512718,0.9848740100860596,0,0.1050570011138916,6.742958068847656,0,1,0.9977149963378906,-0.06551700085401535,-0.01648000068962574,0,0.0674929991364479,0.9773899912834167,0.2003829926252365,0,0.002979000099003315,-0.20103700459003448,0.979578971862793,0,0,14.070053100585938,0.059053000062704086,1,0.9997609853744507,-0.02061600051820278,-0.007313000038266182,0,0.021705999970436096,0.8935800194740295,0.4483790099620819,0,-0.0027089999057352543,-0.44843000173568726,0.8938140273094177,0,-0.0034940000623464584,8.26400375366211,0,1,0.9986670017242432,-0.050179000943899155,-0.012137000449001789,0,0.051534999161958694,0.9550840258598328,0.2918210029602051,0,-0.0030519999563694,-0.29205700755119324,0.9563959836959839,0,0.015495000407099724,6.10585880279541,0,1,-0.9916970133781433,-0.06114400178194046,0.11313100159168243,0,0.12029699981212616,-0.7520290017127991,0.6480590105056763,0,0.04545300081372261,0.6562870144844055,0.7531409859657288,0,7.271745204925537,-5.322803020477295,-2.1651880741119385,1,0.8869869709014893,0.3186599910259247,0.3342289924621582,0,0.11993400007486343,0.5399659872055054,-0.8330990076065063,0,-0.44594699144363403,0.7790330052375793,0.4407249987125397,0,0,30.27204132080078,0,1,0.7397850155830383,0.11678899824619293,-0.662630021572113,0,0.4615199863910675,0.6285480260848999,0.626039981842041,0,0.4896099865436554,-0.7689520120620728,0.4110899865627289,0,0,18.94415283203125,0,1,0.9155499935150146,0.0021210000850260258,-0.4021979868412018,0,0.3246749937534332,0.5863140225410461,0.7421740293502808,0,0.2373879998922348,-0.8100810050964355,0.5361109972000122,0,0,13.023898124694824,0,1,-0.9751139879226685,0.03820599988102913,-0.21838900446891785,0,-0.012335998937487602,-0.9928629994392395,-0.1186169981956482,0,-0.22136199474334717,-0.1129710003733635,0.9686260223388672,0,-7.271745204925537,-5.322803020477295,6.0429301261901855,1,0.9574099779129028,0.2765370011329651,0.08303000032901764,0,-0.20680800080299377,0.857463002204895,-0.4711560010910034,0,-0.2014870047569275,0.4339179992675781,0.8781329989433289,0,0,28.972278594970703,0,1,0.9415670037269592,-0.3062869906425476,0.14013999700546265,0,-0.012037998996675014,0.3851970136165619,0.922756016254425,0,-0.33660998940467834,-0.870523989200592,0.3590019941329956,0,0,18.8565616607666,0,1,0.9232199788093567,-0.022231999784708023,0.3836280107498169,0,-0.309596985578537,0.5483369827270508,0.7768380045890808,0,-0.22762799263000488,-0.8359619975090027,0.49935200810432434,0,0,12.844009399414062,0,1
